31.349670000000003 5313.0 0.607843137254902
31.349670000000003 4862.0 0.7346938775510203
28.050120000000003 5796.000000000001 0.6470588235294117
31.349670000000003 4807.0 0.7755102040816326
31.349670000000003 4884.0 0.7142857142857143
27.333600000000004 5988.000000000001 0.679245283018868
29.223920000000007 4818.0 0.8367346938775511
27.333600000000004 5892.000000000001 0.6981132075471699
29.223920000000007 4851.0 0.8163265306122449
26.953080000000007 5784.000000000001 0.7692307692307692
26.953080000000007 5820.000000000001 0.7115384615384616
