32.85804 5364.000000000001 0.6122448979591837
31.349670000000003 4807.0 0.8163265306122449
30.145920000000004 5844.000000000001 0.6
29.223920000000007 4851.0 0.8775510204081632
25.0926 5628.000000000001 0.8
26.953080000000007 5352.000000000001 0.8200000000000001
28.050120000000003 5268.000000000001 0.7551020408163265
31.349670000000003 4873.0 0.7346938775510203
29.223920000000007 5071.0 0.653061224489796
26.953080000000007 5796.000000000001 0.62
32.70984000000001 5316.000000000001 0.6326530612244898
28.050120000000003 5448.000000000001 0.6122448979591837
26.953080000000007 5532.000000000001 0.7
26.953080000000007 5556.000000000001 0.6599999999999999
29.223920000000007 4906.0 0.75
29.223920000000007 4950.0 0.7142857142857143
26.953080000000007 5484.000000000001 0.72
26.953080000000007 5412.000000000001 0.78
31.349670000000003 4983.0 0.6734693877551021
28.050120000000003 5412.000000000001 0.6326530612244898
28.050120000000003 5328.000000000001 0.6734693877551021
29.223920000000007 4983.0 0.6938775510204082
29.838 5388.000000000001 0.6122448979591837
29.223920000000007 5049.0 0.6734693877551021
29.223920000000007 4873.0 0.7708333333333334
26.953080000000007 5460.000000000001 0.76
28.050120000000003 5292.000000000001 0.6938775510204082
28.204080000000005 5196.000000000001 0.7959183673469388
26.953080000000007 5292.000000000001 0.88
