28.050120000000003 5208.000000000001 0.7959183673469388
28.050120000000003 5376.000000000001 0.5918367346938775
28.050120000000003 5220.000000000001 0.7346938775510203
28.050120000000003 5256.000000000001 0.6938775510204082
28.050120000000003 5280.000000000001 0.6734693877551021
29.838 5328.000000000001 0.653061224489796
29.838 5196.000000000001 0.7551020408163265
28.050120000000003 5448.000000000001 0.5714285714285714
28.050120000000003 5232.000000000001 0.7142857142857143
29.838 5136.000000000001 0.7755102040816326
28.050120000000003 5364.000000000001 0.653061224489796
