32.85804 5364.000000000001 0.6122448979591837
30.145920000000004 5844.000000000001 0.6
29.223920000000007 5071.0 0.653061224489796
28.050120000000003 5448.000000000001 0.6122448979591837
29.838 5388.000000000001 0.6122448979591837
29.223920000000007 4884.0 0.6666666666666667
24.252120000000005 5424.000000000001 0.84
25.006919999999997 5436.000000000001 0.78
29.223920000000007 4862.0 0.6875
25.349160000000005 5208.000000000001 0.7083333333333333
29.223920000000007 4763.0 0.7916666666666666
24.252120000000005 5544.000000000001 0.7
29.223920000000007 4829.0 0.7083333333333333
24.252120000000005 5448.000000000001 0.78
24.252120000000005 5580.000000000001 0.6599999999999999
25.349160000000005 5136.000000000001 0.7708333333333334
34.19964000000001 5412.000000000001 0.6041666666666667
25.349160000000005 5196.000000000001 0.7291666666666667
31.349670000000003 4752.0 0.875
26.19396 5220.000000000001 0.7021276595744681
24.252120000000005 5412.000000000001 0.86
25.349160000000005 5244.000000000001 0.625
25.289160000000006 5520.000000000001 0.72
24.252120000000005 5436.000000000001 0.8200000000000001
28.221000000000007 4968.000000000001 0.8043478260869565
24.252120000000005 5460.000000000001 0.74
28.221000000000007 4932.000000000001 0.8260869565217391
31.349670000000003 4785.0 0.7291666666666667
28.221000000000007 4980.000000000001 0.7608695652173914
28.221000000000007 5040.000000000001 0.6956521739130435
29.223920000000007 4774.0 0.75
26.19396 5328.000000000001 0.6170212765957447
26.19396 5232.000000000001 0.6595744680851063
28.221000000000007 5088.000000000001 0.6521739130434783
26.19396 5136.000000000001 0.7234042553191489
26.19396 5088.000000000001 0.7446808510638299
