17.657530000000005 1749.0000000000002 0.5176470588235295
15.647610000000002 1815.0000000000002 0.5176470588235295
13.316930000000003 1364.0 0.942857142857143
13.836570000000002 1375.0 0.7857142857142858
13.316930000000003 1386.0 0.7857142857142858
13.316930000000003 1397.0 0.7071428571428572
13.836570000000002 1353.0 0.8642857142857143
13.316930000000003 1408.0 0.6285714285714286
13.836570000000002 1386.0 0.7071428571428572
13.316930000000003 1375.0 0.8642857142857143
13.316930000000003 1441.0000000000002 0.55
