16.5 5148.0 0.5416666666666667
20.900000000000002 4565.0 0.5681818181818181
16.5 4994.0 0.5833333333333333
23.0 4110.0 0.5581395348837209
15.400000000000002 5104.0 0.6122448979591837
18.700000000000003 4488.0 0.6136363636363636
16.5 4928.0 0.6041666666666667
17.6 4972.0 0.5208333333333333
17.6 4708.0 0.5434782608695652
17.6 4686.0 0.6086956521739131
15.400000000000002 5005.0 0.6734693877551021
17.6 4576.0 0.6136363636363636
23.0 4190.0 0.5333333333333333
15.400000000000002 5148.0 0.5510204081632653
23.0 3970.0 0.6744186046511628
23.0 4210.0 0.5111111111111111
16.5 5038.0 0.5625
15.400000000000002 5126.0 0.5714285714285714
22.0 4796.0 0.48888888888888893
17.6 4499.0 0.6590909090909092
23.0 4010.0 0.5813953488372092
23.0 4140.0 0.5348837209302326
16.5 5082.0 0.5510204081632653
18.700000000000003 4576.0 0.5454545454545454
15.400000000000002 5071.0 0.653061224489796
16.5 5456.0 0.5384615384615384
15.400000000000002 5115.0 0.5918367346938775
22.0 4653.0 0.5111111111111111
23.0 4290.0 0.48888888888888893
17.6 4917.0 0.5319148936170213
18.700000000000003 4862.0 0.5319148936170213
18.700000000000003 4961.0 0.5106382978723405
20.900000000000002 4543.0 0.5909090909090908
