20.0 4100.0 0.5227272727272727
18.700000000000003 4686.0 0.6086956521739131
18.700000000000003 4675.0 0.6739130434782609
18.700000000000003 4774.0 0.5652173913043479
23.0 3950.0 0.5581395348837209
23.0 4000.0 0.5116279069767442
20.0 4130.0 0.5
18.700000000000003 4763.0 0.5869565217391304
17.6 4785.0 0.5652173913043479
18.700000000000003 4906.0 0.5319148936170213
20.0 4270.0 0.4772727272727273
23.0 4230.0 0.48888888888888893
17.6 5082.0 0.5306122448979591
23.0 4240.0 0.4666666666666667
17.6 4708.0 0.6086956521739131
17.6 4961.0 0.5416666666666667
