20.900000000000002 4642.0 0.5777777777777777
18.700000000000003 5038.0 0.7083333333333333
22.0 4598.0 0.6222222222222222
26.400000000000002 4422.0 0.6818181818181819
19.8 4653.0 0.6956521739130435
22.0 4796.0 0.5319148936170213
23.1 4576.0 0.7111111111111111
22.0 4554.0 0.7333333333333334
20.900000000000002 4598.0 0.6444444444444444
23.1 4587.0 0.6444444444444444
23.1 4686.0 0.5555555555555556
29.700000000000003 4367.0 0.6046511627906976
25.3 4433.0 0.6136363636363636
29.700000000000003 4642.0 0.5
20.900000000000002 4829.0 0.5319148936170213
19.8 4686.0 0.6304347826086957
26.400000000000002 4499.0 0.5681818181818181
20.900000000000002 4906.0 0.5106382978723405
19.8 4785.0 0.6086956521739131
37.400000000000006 4598.0 0.5333333333333333
19.8 4664.0 0.6739130434782609
37.400000000000006 4345.0 0.7674418604651163
19.8 4862.0 0.5652173913043479
22.0 4631.0 0.5777777777777777
29.700000000000003 4356.0 0.7209302325581395
22.0 4587.0 0.6888888888888889
19.8 4807.0 0.5957446808510638
25.3 4400.0 0.7954545454545454
19.8 5005.0 0.5416666666666667
29.700000000000003 4477.0 0.5681818181818181
26.400000000000002 4664.0 0.5652173913043479
29.700000000000003 4510.0 0.5454545454545454
26.400000000000002 4697.0 0.5333333333333333
