25.3 5016.0 0.5625
25.3 4532.0 0.6590909090909092
29.700000000000003 4851.0 0.5
25.3 4488.0 0.6818181818181819
25.3 4620.0 0.6
26.400000000000002 4873.0 0.5106382978723405
25.3 4554.0 0.6363636363636364
26.400000000000002 4290.0 0.5952380952380952
26.400000000000002 4444.0 0.5813953488372092
25.3 4466.0 0.7272727272727273
25.3 4455.0 0.7954545454545454
25.3 4576.0 0.6136363636363636
25.3 4642.0 0.5777777777777777
29.700000000000003 4422.0 0.5681818181818181
29.700000000000003 4840.0 0.5106382978723405
25.3 4730.0 0.5652173913043479
29.700000000000003 4730.0 0.5217391304347826
29.700000000000003 4477.0 0.5454545454545454
26.400000000000002 4697.0 0.5434782608695652
26.400000000000002 4642.0 0.5454545454545454
29.700000000000003 4576.0 0.5227272727272727
26.400000000000002 4477.0 0.5681818181818181
26.400000000000002 4818.0 0.5217391304347826
