25.3 4367.0 0.5581395348837209
19.8 4532.0 0.5681818181818181
17.6 4510.0 0.6818181818181819
18.700000000000003 4488.0 0.6363636363636364
23.1 4477.0 0.6136363636363636
25.3 4466.0 0.5348837209302326
29.700000000000003 4400.0 0.5348837209302326
25.3 4477.0 0.5116279069767442
25.3 4345.0 0.5813953488372092
17.6 4565.0 0.5454545454545454
23.1 4433.0 0.6590909090909092
17.6 4532.0 0.6136363636363636
17.6 4477.0 0.7045454545454546
17.6 4521.0 0.6363636363636364
23.1 4543.0 0.5454545454545454
23.1 4807.0 0.5217391304347826
25.3 4565.0 0.5111111111111111
20.900000000000002 5060.0 0.5208333333333333
20.900000000000002 4862.0 0.5319148936170213
