26.400000000000002 4499.0 0.6666666666666667
25.3 4972.0 0.6041666666666667
26.400000000000002 4488.0 0.7111111111111111
25.3 4884.0 0.625
28.6 4543.0 0.6
26.400000000000002 4664.0 0.5333333333333333
25.3 5049.0 0.5918367346938775
29.700000000000003 4576.0 0.5555555555555556
30.800000000000004 4466.0 0.6666666666666667
26.400000000000002 4697.0 0.5217391304347826
26.400000000000002 4521.0 0.6222222222222222
29.700000000000003 4554.0 0.5777777777777777
31.900000000000002 4587.0 0.5111111111111111
26.400000000000002 4939.0 0.5106382978723405
30.800000000000004 4521.0 0.6
31.900000000000002 4499.0 0.5777777777777777
29.700000000000003 4587.0 0.5333333333333333
26.400000000000002 4587.0 0.6
30.800000000000004 4532.0 0.5777777777777777
29.700000000000003 4829.0 0.5
43.2 5460.000000000001 0.47916666666666663
