33.236 3700.0 0.65
27.3817 3820.0 0.6341463414634146
21.1243 3100.0 0.9428571428571428
20.2101 3940.0 0.6904761904761905
29.4711 3410.0 0.6756756756756757
24.865 3310.0 0.6944444444444444
20.2101 3670.0 0.8536585365853658
21.1243 3120.0 0.8857142857142857
23.641000000000002 3540.0 0.6923076923076923
24.865 3550.0 0.6666666666666667
22.460900000000002 3700.0 0.6666666666666667
27.9949 3740.0 0.65
27.3817 3460.0 0.6842105263157895
20.2101 3840.0 0.7619047619047619
20.2101 3770.0 0.7804878048780488
21.1243 3300.0 0.7142857142857143
21.1243 3180.0 0.7714285714285715
21.1243 3270.0 0.75
21.1243 3280.0 0.7428571428571429
21.1243 3160.0 0.8
20.2101 3720.0 0.8292682926829268
20.2101 3750.0 0.8048780487804879
21.1243 3130.0 0.8285714285714285
