21.1243 3160.0 0.8
21.1243 3100.0 0.8571428571428572
19.426399999999997 3200.0 0.8333333333333334
21.1243 3530.0 0.6923076923076923
19.426399999999997 3180.0 0.9166666666666666
19.426399999999997 3260.0 0.7777777777777778
21.1243 3580.0 0.6666666666666667
21.1243 3120.0 0.8285714285714285
19.426399999999997 3740.0 0.6923076923076923
19.426399999999997 3220.0 0.8055555555555556
21.1243 3280.0 0.6944444444444444
19.426399999999997 3470.0 0.7105263157894737
19.426399999999997 3350.0 0.7631578947368421
19.426399999999997 3400.0 0.7297297297297297
21.1243 3170.0 0.7428571428571429
24.865 3800.0 0.6585365853658536
35.433499999999995 4150.0 0.6363636363636364
