21.1243 3100.0 0.9428571428571428
20.2101 3940.0 0.6904761904761905
22.460900000000002 3700.0 0.6666666666666667
21.1243 3300.0 0.7142857142857143
27.3817 3560.0 0.6153846153846154
27.3817 3390.0 0.6842105263157895
24.865 3540.0 0.6666666666666667
22.4559 3510.0 0.6842105263157895
21.1243 3150.0 0.7714285714285715
20.2101 3770.0 0.7560975609756098
20.2101 3660.0 0.8048780487804879
20.2101 3840.0 0.7073170731707317
23.641000000000002 3310.0 0.7027027027027026
20.2101 3720.0 0.7804878048780488
21.1243 3110.0 0.8571428571428572
27.3817 3460.0 0.6578947368421053
24.865 3270.0 0.6944444444444444
21.1243 3240.0 0.7428571428571429
21.1243 3420.0 0.7105263157894737
23.950800000000005 3710.0 0.6585365853658536
19.9739 4030.0 0.7727272727272727
27.3817 3410.0 0.6756756756756757
24.865 3240.0 0.7297297297297297
19.9739 4070.0 0.75
21.1243 3120.0 0.8
19.9739 3810.0 0.8780487804878049
