16.0 2950.0 0.6060606060606061
16.0 3160.0 0.4545454545454546
24.0 2930.0 0.6060606060606061
18.0 3120.0 0.4242424242424242
24.0 2950.0 0.5454545454545454
21.0 3090.0 0.4545454545454546
16.0 2970.0 0.5151515151515151
24.0 3020.0 0.4242424242424242
17.0 2670.0 0.8928571428571429
14.3 6138.000000000001 0.5593220338983051
16.0 2920.0 0.6666666666666667
16.0 2990.0 0.48484848484848486
15.0 3440.0 0.7222222222222222
24.0 2980.0 0.48484848484848486
15.400000000000002 3883.0000000000005 0.48571428571428577
