23.0 4000.0 0.4651162790697675
23.0 3960.0 0.5116279069767442
16.0 4050.0 0.7045454545454546
20.900000000000002 4851.0 0.46808510638297873
16.0 4060.0 0.6590909090909092
17.0 3980.0 0.5348837209302326
16.0 4090.0 0.5227272727272727
19.0 4030.0 0.4883720930232558
16.0 4070.0 0.6136363636363636
16.0 4030.0 0.75
16.0 4150.0 0.5
16.0 4080.0 0.5909090909090908
17.0 3850.0 0.6190476190476191
17.0 4010.0 0.5116279069767442
19.0 3960.0 0.5238095238095238
17.0 3870.0 0.5476190476190477
17.0 4150.0 0.4772727272727273
17.0 4040.0 0.5
15.0 4090.0 0.5909090909090908
16.0 4240.0 0.48888888888888893
23.0 3970.0 0.4883720930232558
13.0 4200.0 0.6888888888888889
15.0 4340.0 0.4782608695652174
17.0 4130.0 0.4883720930232558
