16.0 4420.0 0.4782608695652174
23.0 4260.0 0.4444444444444444
17.0 3880.0 0.5952380952380952
20.0 4370.0 0.4565217391304348
23.0 4010.0 0.4883720930232558
23.0 4040.0 0.4651162790697675
20.0 4210.0 0.4772727272727273
23.0 3880.0 0.5238095238095238
16.0 4060.0 0.6818181818181819
17.0 3890.0 0.5476190476190477
17.0 3970.0 0.5
16.0 4090.0 0.6136363636363636
16.0 4070.0 0.6363636363636364
18.700000000000003 4565.0 0.4772727272727273
16.0 4150.0 0.5227272727272727
16.0 4280.0 0.5111111111111111
23.0 3960.0 0.5116279069767442
16.0 4100.0 0.5454545454545454
17.0 3850.0 0.6428571428571428
17.0 3960.0 0.5238095238095238
23.0 3870.0 0.6190476190476191
