23.0 4040.0 0.4651162790697675
17.0 3900.0 0.5714285714285714
23.0 3870.0 0.5476190476190477
23.0 4180.0 0.4545454545454546
16.0 4010.0 0.6818181818181819
16.0 4190.0 0.5
16.0 4040.0 0.5681818181818181
17.0 3920.0 0.5
16.0 4100.0 0.5454545454545454
17.0 3850.0 0.5952380952380952
16.0 4110.0 0.5227272727272727
17.0 3910.0 0.5476190476190477
16.0 4240.0 0.48888888888888893
23.0 3970.0 0.4883720930232558
13.0 4200.0 0.6888888888888889
15.0 4100.0 0.75
15.0 4340.0 0.4782608695652174
17.0 4130.0 0.4883720930232558
