20.0 4200.0 0.40909090909090906
13.0 4380.0 0.5
13.0 4410.0 0.4565217391304348
13.0 4200.0 0.5333333333333333
13.0 4260.0 0.5111111111111111
16.0 4040.0 0.6136363636363636
23.0 4090.0 0.41860465116279066
17.0 3940.0 0.5238095238095238
16.0 4110.0 0.5681818181818181
17.0 3860.0 0.5952380952380952
13.0 4400.0 0.4782608695652174
13.0 4190.0 0.6888888888888889
20.0 4130.0 0.4772727272727273
17.0 3890.0 0.5476190476190477
16.0 4080.0 0.5909090909090908
17.0 4070.0 0.5116279069767442
16.0 4200.0 0.5
20.0 4050.0 0.5227272727272727
23.0 3880.0 0.5238095238095238
16.0 4140.0 0.5227272727272727
16.0 4240.0 0.48888888888888893
23.0 3970.0 0.4883720930232558
15.0 4100.0 0.75
15.0 4340.0 0.4782608695652174
17.0 4130.0 0.4883720930232558
