23.0 4110.0 0.43181818181818177
15.0 4440.0 0.46808510638297873
16.0 4060.0 0.6363636363636364
17.0 3970.0 0.5238095238095238
17.0 3870.0 0.6190476190476191
16.0 4070.0 0.5681818181818181
17.0 4070.0 0.5
17.0 4010.0 0.5116279069767442
23.0 3860.0 0.5714285714285714
17.0 3850.0 0.6428571428571428
15.0 4180.0 0.5
15.0 4070.0 0.6363636363636364
15.0 4130.0 0.5333333333333333
16.0 4200.0 0.48888888888888893
23.0 3910.0 0.5238095238095238
17.0 3900.0 0.5476190476190477
17.0 3880.0 0.5952380952380952
15.0 4100.0 0.6136363636363636
23.0 4010.0 0.4883720930232558
