18.700000000000003 5896.000000000001 0.5178571428571428
18.700000000000003 5258.0 0.52
18.700000000000003 5467.0 0.5192307692307692
19.8 5082.0 0.5416666666666667
17.6 4906.0 0.5531914893617021
20.0 4480.0 0.46808510638297873
23.0 4580.0 0.45833333333333337
17.6 4719.0 0.5869565217391304
17.6 4653.0 0.6739130434782609
23.0 4360.0 0.46808510638297873
17.6 5434.0 0.5384615384615384
20.0 4290.0 0.5434782608695652
17.6 5280.0 0.54
18.700000000000003 4752.0 0.5434782608695652
18.700000000000003 4565.0 0.5681818181818181
20.0 4330.0 0.4782608695652174
17.6 4829.0 0.574468085106383
19.8 5115.0 0.5306122448979591
20.0 4180.0 0.5454545454545454
18.700000000000003 4499.0 0.6363636363636364
23.0 4010.0 0.5813953488372092
18.700000000000003 4510.0 0.6136363636363636
23.0 4040.0 0.5581395348837209
23.0 3920.0 0.6046511627906976
23.0 4060.0 0.4883720930232558
