23.0 4330.0 0.4565217391304348
19.8 5324.0 0.5294117647058824
19.8 4477.0 0.7045454545454546
20.900000000000002 5093.0 0.5306122448979591
19.8 4499.0 0.6818181818181819
20.900000000000002 4851.0 0.5319148936170213
19.8 4631.0 0.5777777777777777
19.8 4785.0 0.5434782608695652
22.0 5049.0 0.5306122448979591
19.8 4972.0 0.5416666666666667
19.8 4543.0 0.6136363636363636
18.700000000000003 5049.0 0.5416666666666667
18.700000000000003 4785.0 0.6521739130434783
19.8 4521.0 0.6363636363636364
18.700000000000003 4730.0 0.6739130434782609
22.0 4719.0 0.5555555555555556
18.700000000000003 4807.0 0.6304347826086957
19.8 4598.0 0.5909090909090908
19.8 4510.0 0.6590909090909092
19.8 4763.0 0.5652173913043479
18.700000000000003 4818.0 0.5957446808510638
19.8 5313.0 0.54
18.700000000000003 5038.0 0.5833333333333333
23.0 3920.0 0.6046511627906976
23.0 4060.0 0.4883720930232558
21.0 4250.0 0.6136363636363636
20.0 4420.0 0.5652173913043479
17.6 4719.0 0.7446808510638299
