22.0 4360.0 0.4565217391304348
16.0 4470.0 0.4565217391304348
17.0 3880.0 0.6428571428571428
23.0 3970.0 0.4883720930232558
19.0 4170.0 0.4772727272727273
17.0 4130.0 0.4883720930232558
15.0 4340.0 0.4782608695652174
16.0 4110.0 0.5227272727272727
17.0 3950.0 0.5476190476190477
13.0 4140.0 0.6666666666666667
17.0 3910.0 0.5714285714285714
16.0 4040.0 0.7272727272727273
13.0 4230.0 0.5555555555555556
16.0 4090.0 0.5681818181818181
17.0 3890.0 0.5952380952380952
15.0 4210.0 0.5333333333333333
15.0 4100.0 0.6136363636363636
15.0 4290.0 0.5111111111111111
13.0 4260.0 0.5217391304347826
17.0 3970.0 0.5116279069767442
16.0 4050.0 0.6363636363636364
13.0 4190.0 0.6
16.0 4060.0 0.6136363636363636
15.0 4090.0 0.6363636363636364
15.0 4110.0 0.5454545454545454
16.0 4240.0 0.48888888888888893
17.0 3860.0 0.6666666666666667
