17.72606 1529.0000000000002 0.6875
17.521920000000005 1812.0000000000002 0.5294117647058824
17.72606 1617.0000000000002 0.5625
17.521920000000005 2124.0000000000005 0.5263157894736843
17.90283 1441.0000000000002 0.6
17.521920000000005 1776.0000000000002 0.6470588235294117
17.72606 1507.0000000000002 0.75
17.72606 1562.0000000000002 0.625
17.90283 1573.0000000000002 0.5
17.521920000000005 1752.0000000000002 0.7647058823529411
17.90283 1518.0000000000002 0.5333333333333333
17.90283 1408.0 0.7333333333333334
