25.083520000000004 2629.0 0.56
17.90283 2387.0 0.8333333333333334
17.90283 2365.0 0.9166666666666666
21.742929999999998 2486.0 0.5833333333333333
17.90283 2475.0 0.625
23.938970000000005 2365.0 0.7083333333333333
22.027829999999998 2442.0 0.5833333333333333
24.00013 2266.0 0.6521739130434783
24.00013 2211.0 0.782608695652174
24.00013 2222.0 0.6956521739130435
24.00013 2310.0 0.6086956521739131
17.90283 2398.0 0.6666666666666667
23.938970000000005 2420.0 0.5833333333333333
22.027829999999998 2387.0 0.7083333333333333
22.027829999999998 2431.0 0.625
24.00013 2354.0 0.5652173913043479
21.742929999999998 2453.0 0.625
23.938970000000005 2387.0 0.6666666666666667
24.00013 2156.0 0.8260869565217391
20.07214 2299.0 0.75
19.5525 2332.0 0.8333333333333334
