24.00013 2266.0 0.6521739130434783
24.00013 2211.0 0.782608695652174
24.00013 2222.0 0.6956521739130435
17.90283 2398.0 0.6666666666666667
24.00013 2332.0 0.5652173913043479
24.00013 2288.0 0.6086956521739131
21.742929999999998 2365.0 0.7083333333333333
21.742929999999998 2376.0 0.6666666666666667
22.027829999999998 2398.0 0.625
17.90283 2376.0 0.7083333333333333
17.90283 2343.0 0.75
21.742929999999998 2420.0 0.625
23.938970000000005 2387.0 0.5833333333333333
17.90283 2431.0 0.625
19.757280000000005 2916.0000000000005 0.5
23.938970000000005 2343.0 0.7083333333333333
17.90283 2497.0 0.5833333333333333
22.027829999999998 2420.0 0.5833333333333333
21.742929999999998 2442.0 0.5416666666666667
24.00013 2156.0 0.8260869565217391
20.07214 2299.0 0.75
19.5525 2332.0 0.8333333333333334
