44.440889999999996 4875.000000000001 0.6097560975609756
42.50402 5135.000000000001 0.6190476190476191
21.36904 3542.0000000000005 0.8611111111111112
33.65934000000001 4615.000000000001 0.631578947368421
28.050120000000003 4272.000000000001 0.6578947368421053
22.976910000000004 3553.0000000000005 0.8285714285714285
21.36904 3586.0000000000005 0.7777777777777778
29.838 4092.0000000000005 0.7027027027027026
21.36904 3806.0000000000005 0.736842105263158
24.9858 4908.000000000001 0.7272727272727273
28.050120000000003 4260.000000000001 0.6842105263157895
21.36904 3729.0000000000005 0.75
25.349160000000005 4080.0000000000005 0.7297297297297297
25.349160000000005 3780.0000000000005 0.7428571428571429
25.065720000000006 4260.000000000001 0.717948717948718
25.065720000000006 4116.000000000001 0.7222222222222222
21.36904 3509.0000000000005 0.8888888888888888
22.976910000000004 3498.0000000000005 0.8611111111111112
