21.36904 3674.0000000000005 0.8108108108108107
21.36904 4521.0 0.7045454545454546
35.596210000000006 4628.000000000001 0.641025641025641
21.36904 4048.0000000000005 0.725
21.36904 3663.0000000000005 0.8378378378378378
21.36904 3586.0000000000005 0.8648648648648649
21.36904 3740.0000000000005 0.7297297297297297
21.36904 3729.0000000000005 0.7837837837837838
29.838 4500.000000000001 0.65
28.74096000000001 4368.000000000001 0.7
25.349160000000005 4056.0000000000005 0.7027027027027026
29.838 4104.000000000001 0.6842105263157895
23.384130000000003 4587.0 0.6888888888888889
28.74096000000001 4440.000000000001 0.675
23.384130000000003 4389.0 0.7209302325581395
29.838 4284.000000000001 0.6666666666666667
