28.050120000000003 4272.000000000001 0.6578947368421053
29.838 4428.000000000001 0.641025641025641
21.36904 3520.0000000000005 0.7777777777777778
21.36904 3454.0000000000005 0.9444444444444444
35.596210000000006 4940.000000000001 0.5609756097560976
22.976910000000004 3685.0000000000005 0.6944444444444444
28.74096000000001 4548.000000000001 0.6097560975609756
22.976910000000004 3553.0000000000005 0.7714285714285715
21.36904 3597.0000000000005 0.75
22.976910000000004 3564.0000000000005 0.7428571428571429
29.605320000000006 4476.000000000001 0.65
25.745280000000005 3740.0000000000005 0.6666666666666667
22.976910000000004 3608.0000000000005 0.7142857142857143
21.36904 3498.0000000000005 0.9166666666666666
22.976910000000004 3399.0000000000005 0.7941176470588236
21.36904 3762.0000000000005 0.736842105263158
22.976910000000004 3377.0000000000005 0.8529411764705882
21.36904 3509.0000000000005 0.8888888888888888
