17.521920000000005 1896.0000000000002 0.7764705882352941
17.521920000000005 1776.0000000000002 0.9882352941176472
17.521920000000005 1812.0000000000002 0.9176470588235295
17.521920000000005 2112.0000000000005 0.7578947368421053
17.72606 1529.0000000000002 0.6875
17.521920000000005 1836.0000000000002 0.8470588235294119
17.90283 1430.0000000000002 0.7333333333333335
17.72606 1595.0000000000002 0.61875
17.90283 1650.0000000000002 0.5823529411764706
17.72606 1507.0000000000002 0.8250000000000001
17.72606 1738.0000000000002 0.6111111111111112
17.90283 1441.0000000000002 0.66
17.90283 1397.0 0.8800000000000001
17.90283 1694.0000000000002 0.45294117647058824
