17.90283 1408.0 0.7333333333333335
17.521920000000005 1752.0000000000002 0.9882352941176472
17.90283 1716.0000000000002 0.5176470588235295
17.521920000000005 2124.0000000000005 0.6315789473684212
17.72606 1573.0000000000002 0.6875
17.72606 1518.0000000000002 0.7562500000000001
17.521920000000005 1824.0000000000002 0.6352941176470589
17.72606 1485.0000000000002 0.8250000000000001
17.90283 1441.0000000000002 0.66
17.72606 1639.0000000000002 0.61875
17.72606 1727.0000000000002 0.6111111111111112
17.90283 1650.0000000000002 0.5823529411764706
17.521920000000005 1776.0000000000002 0.7764705882352941
17.521920000000005 1764.0000000000002 0.9176470588235295
17.72606 1804.0000000000002 0.55
22.027829999999998 1661.0000000000002 0.55
17.90283 1496.0000000000002 0.5866666666666667
