17.521920000000005 1752.0000000000002 0.8235294117647058
17.521920000000005 2064.0000000000005 0.5789473684210527
19.262760000000007 1920.0000000000002 0.4444444444444444
17.521920000000005 1740.0000000000002 0.8823529411764706
17.90283 1463.0000000000002 0.6
17.72606 1496.0000000000002 0.75
17.72606 1628.0000000000002 0.5625
17.521920000000005 1800.0000000000002 0.6470588235294117
17.90283 1705.0000000000002 0.5294117647058824
17.72606 1540.0000000000002 0.625
17.521920000000005 1788.0000000000002 0.7058823529411764
17.90283 1540.0000000000002 0.5333333333333333
17.72606 1529.0000000000002 0.6875
17.521920000000005 1824.0000000000002 0.5882352941176471
17.72606 1815.0000000000002 0.5555555555555556
17.90283 1408.0 0.6666666666666667
17.90283 1738.0000000000002 0.47058823529411764
