17.521920000000005 2088.0000000000005 0.5789473684210527
17.90283 1452.0000000000002 0.6666666666666667
17.72606 1826.0000000000002 0.5555555555555556
17.72606 1540.0000000000002 0.6875
17.90283 1474.0000000000002 0.6
17.72606 1507.0000000000002 0.75
17.521920000000005 1764.0000000000002 0.9411764705882353
17.521920000000005 1860.0000000000002 0.5882352941176471
17.521920000000005 1788.0000000000002 0.7058823529411764
17.72606 1573.0000000000002 0.625
17.72606 1650.0000000000002 0.5625
17.90283 1727.0000000000002 0.5294117647058824
17.90283 1419.0000000000002 0.7333333333333334
17.521920000000005 1776.0000000000002 0.7647058823529411
17.521920000000005 1800.0000000000002 0.6470588235294117
17.90283 1826.0000000000002 0.5
17.90283 1507.0000000000002 0.5333333333333333
