17.6 4675.0 0.6444444444444444
29.700000000000003 4455.0 0.5116279069767442
25.3 4389.0 0.627906976744186
17.6 4488.0 0.6818181818181819
29.700000000000003 4389.0 0.6046511627906976
25.3 4378.0 0.6511627906976745
30.800000000000004 4367.0 0.627906976744186
30.800000000000004 4323.0 0.7209302325581395
30.800000000000004 4400.0 0.5813953488372092
29.700000000000003 4356.0 0.7209302325581395
29.700000000000003 4378.0 0.627906976744186
18.700000000000003 4411.0 0.6818181818181819
30.800000000000004 4378.0 0.6046511627906976
25.3 4400.0 0.6046511627906976
29.700000000000003 4367.0 0.6511627906976745
