20.30809 2409.0 0.75
20.30809 2431.0 0.625
17.90283 2453.0 0.7916666666666666
20.30809 2420.0 0.7083333333333333
17.90283 2486.0 0.6666666666666667
20.30809 2497.0 0.5833333333333333
24.00013 2310.0 0.5652173913043479
19.757280000000005 2760.0000000000005 0.625
25.083520000000004 2398.0 0.5217391304347826
22.873290000000004 2519.0 0.5416666666666667
22.027829999999998 2398.0 0.7916666666666666
22.873290000000004 2387.0 0.75
22.873290000000004 2420.0 0.6666666666666667
25.21893 2387.0 0.5217391304347826
23.883420000000005 2398.0 0.5833333333333333
23.363780000000006 2409.0 0.7083333333333333
24.00013 2233.0 0.6521739130434783
32.552400000000006 2832.0000000000005 0.52
23.363780000000006 2464.0 0.5833333333333333
23.883420000000005 2387.0 0.7083333333333333
23.883420000000005 2365.0 0.8333333333333334
24.00013 2299.0 0.6086956521739131
