35.56380000000001 7236.000000000001 0.6307692307692307
23.82985 6061.000000000001 0.8225806451612903
20.008890000000005 6259.000000000001 0.7258064516129032
35.60580000000001 7140.000000000001 0.640625
25.12433 5830.000000000001 0.728813559322034
27.219390000000004 6380.000000000001 0.6507936507936508
20.008890000000005 6094.000000000001 0.7580645161290323
22.688930000000006 6270.000000000001 0.6612903225806452
26.09387 5940.000000000001 0.7
21.512040000000002 6182.000000000001 0.7213114754098361
26.564670000000007 6050.000000000001 0.6666666666666667
20.008890000000005 6182.000000000001 0.7419354838709677
25.12433 5984.000000000001 0.6949152542372881
20.212390000000003 6259.000000000001 0.6774193548387097
21.8427 6160.000000000001 0.7258064516129032
35.56380000000001 7212.000000000001 0.640625
20.008890000000005 6369.000000000001 0.6935483870967742
25.12433 6215.000000000001 0.6833333333333333
26.09387 6127.000000000001 0.6721311475409837
25.12433 5951.000000000001 0.711864406779661
26.09387 6105.000000000001 0.6833333333333333
20.008890000000005 6303.000000000001 0.7096774193548387
25.12433 5709.000000000001 0.7457627118644068
20.13737 5852.000000000001 0.85
21.34924 5819.000000000001 0.8305084745762712
