21.82092 6116.000000000001 0.6885245901639344
21.512040000000002 6358.000000000001 0.6612903225806452
23.29129 5852.000000000001 0.7457627118644068
23.29129 5775.000000000001 0.7627118644067796
23.29129 5907.000000000001 0.6610169491525424
21.366950000000003 6050.000000000001 0.8225806451612903
21.366950000000003 6171.000000000001 0.7096774193548387
23.29129 5874.000000000001 0.711864406779661
21.366950000000003 6237.000000000001 0.6774193548387097
21.82092 6072.000000000001 0.7213114754098361
21.366950000000003 6204.000000000001 0.6935483870967742
21.366950000000003 6127.000000000001 0.7419354838709677
21.366950000000003 6380.000000000001 0.6612903225806452
21.82092 6171.000000000001 0.6557377049180328
21.366950000000003 6446.000000000001 0.6451612903225806
21.512040000000002 6105.000000000001 0.7903225806451613
21.82092 5962.000000000001 0.819672131147541
21.512040000000002 6050.000000000001 0.8064516129032258
21.82092 6193.000000000001 0.639344262295082
21.82092 5995.000000000001 0.7540983606557377
21.512040000000002 6116.000000000001 0.7096774193548387
33.82044000000001 6780.000000000001 0.6290322580645161
