20.008890000000005 6094.000000000001 0.7580645161290323
22.688930000000006 6270.000000000001 0.6612903225806452
21.366950000000003 5973.000000000001 0.7540983606557377
21.512040000000002 6050.000000000001 0.7049180327868853
20.008890000000005 6281.000000000001 0.6451612903225806
21.512040000000002 5929.000000000001 0.7213114754098361
25.12433 5808.000000000001 0.711864406779661
25.12433 5797.000000000001 0.728813559322034
23.29129 5775.000000000001 0.847457627118644
20.212390000000003 6226.000000000001 0.6774193548387097
20.008890000000005 6193.000000000001 0.7096774193548387
23.29129 5797.000000000001 0.8305084745762712
21.8427 6446.000000000001 0.6190476190476191
21.366950000000003 6061.000000000001 0.7213114754098361
20.008890000000005 6138.000000000001 0.7258064516129032
23.29129 5808.000000000001 0.7627118644067796
21.366950000000003 6083.000000000001 0.6721311475409837
29.592360000000006 7368.000000000001 0.6
20.008890000000005 6259.000000000001 0.6935483870967742
23.29129 5852.000000000001 0.6440677966101696
20.212390000000003 6127.000000000001 0.7419354838709677
20.022640000000003 6237.000000000001 0.6935483870967742
23.29129 5830.000000000001 0.711864406779661
25.12433 5709.000000000001 0.7457627118644068
20.13737 5852.000000000001 0.85
21.34924 5819.000000000001 0.8305084745762712
