15.400000000000002 3608.0000000000005 0.48571428571428577
16.0 2950.0 0.6060606060606061
20.0 3020.0 0.5151515151515151
18.0 2940.0 0.7272727272727273
22.0 3542.0000000000005 0.47058823529411764
15.400000000000002 3476.0000000000005 0.6857142857142857
25.3 3817.0000000000005 0.45945945945945943
15.400000000000002 3586.0000000000005 0.5714285714285714
15.400000000000002 3498.0000000000005 0.6571428571428571
15.400000000000002 3520.0000000000005 0.6
16.0 2970.0 0.5454545454545454
16.0 3030.0 0.48484848484848486
24.0 2910.0 0.6060606060606061
