16.0 3030.0 0.5151515151515151
24.0 3050.0 0.4545454545454546
21.0 2980.0 0.5454545454545454
18.0 3010.0 0.5151515151515151
21.0 3080.0 0.4242424242424242
19.8 3421.0000000000005 0.47058823529411764
16.0 2940.0 0.5757575757575757
17.0 2920.0 0.6666666666666667
16.0 3000.0 0.5454545454545454
19.8 3487.0000000000005 0.4411764705882353
18.700000000000003 3696.0000000000005 0.4722222222222222
24.0 2940.0 0.48484848484848486
24.0 2930.0 0.5757575757575757
16.0 3220.0 0.48571428571428577
18.0 3040.0 0.48484848484848486
