22.0 3608.0000000000005 0.4411764705882353
15.400000000000002 3586.0000000000005 0.5714285714285714
24.0 3040.0 0.4545454545454546
16.0 2940.0 0.6666666666666667
16.0 2950.0 0.5151515151515151
15.400000000000002 3542.0000000000005 0.6
24.0 3310.0 0.4285714285714286
15.400000000000002 3531.0000000000005 0.6571428571428571
16.0 3070.0 0.4545454545454546
16.0 3030.0 0.48484848484848486
24.0 2910.0 0.6060606060606061
15.400000000000002 3608.0000000000005 0.48571428571428577
24.0 2980.0 0.48484848484848486
