17.521920000000005 1800.0000000000002 0.8235294117647058
17.90283 1683.0000000000002 0.4117647058823529
17.521920000000005 1788.0000000000002 0.8823529411764706
17.521920000000005 1872.0000000000002 0.5882352941176471
17.72606 1518.0000000000002 0.6875
17.72606 1562.0000000000002 0.625
17.72606 1760.0000000000002 0.5555555555555556
17.521920000000005 1812.0000000000002 0.7647058823529411
17.72606 1793.0000000000002 0.4444444444444444
17.90283 1419.0000000000002 0.6666666666666667
17.521920000000005 1836.0000000000002 0.6470588235294117
17.90283 1485.0000000000002 0.6
17.90283 1397.0 0.8
17.90283 1507.0000000000002 0.4666666666666667
