17.90283 1408.0 0.6666666666666667
17.521920000000005 2028.0000000000002 0.5789473684210527
17.90283 1573.0000000000002 0.5333333333333333
17.72606 1595.0000000000002 0.5625
17.72606 1738.0000000000002 0.5555555555555556
17.72606 1782.0000000000002 0.5
24.03036 1980.0000000000002 0.4444444444444444
17.72606 1518.0000000000002 0.6875
17.72606 1573.0000000000002 0.625
17.521920000000005 2124.0000000000005 0.5263157894736843
17.521920000000005 1764.0000000000002 0.6470588235294117
17.90283 1650.0000000000002 0.5294117647058824
17.90283 1496.0000000000002 0.6
17.90283 1683.0000000000002 0.47058823529411764
17.72606 1507.0000000000002 0.75
17.521920000000005 1836.0000000000002 0.5882352941176471
