31.070160000000005 5556.000000000001 0.5714285714285714
29.444040000000008 5568.000000000001 0.5800000000000001
26.953080000000007 5496.000000000001 0.6599999999999999
32.77483000000001 4829.0 0.7346938775510203
32.77483000000001 5060.0 0.6599999999999999
31.738200000000003 5052.000000000001 0.8085106382978724
29.950320000000005 5076.000000000001 0.8723404255319149
32.70984000000001 5052.000000000001 0.7446808510638299
28.204080000000005 5352.000000000001 0.625
28.050120000000003 5424.000000000001 0.653061224489796
28.204080000000005 5160.000000000001 0.8333333333333334
26.953080000000007 5340.000000000001 0.8
31.070160000000005 5196.000000000001 0.6041666666666667
32.77483000000001 4884.0 0.6734693877551021
26.953080000000007 5568.000000000001 0.62
29.444040000000008 5496.000000000001 0.62
28.050120000000003 5280.000000000001 0.6666666666666667
28.204080000000005 5232.000000000001 0.6734693877551021
26.953080000000007 5448.000000000001 0.7
26.953080000000007 5412.000000000001 0.72
29.950320000000005 5088.000000000001 0.6595744680851063
28.050120000000003 5172.000000000001 0.6875
32.77483000000001 4862.0 0.7142857142857143
32.77483000000001 5192.0 0.6346153846153846
31.070160000000005 5076.000000000001 0.8125
32.77483000000001 4873.0 0.6938775510204082
26.953080000000007 5292.000000000001 0.88
31.349670000000003 4807.0 0.8163265306122449
29.223920000000007 4851.0 0.8775510204081632
25.0926 5628.000000000001 0.8
