26.953080000000007 5244.000000000001 0.6938775510204082
28.74096000000001 5220.000000000001 0.7346938775510203
28.74096000000001 5316.000000000001 0.6326530612244898
26.953080000000007 5700.000000000001 0.62
26.953080000000007 5532.000000000001 0.64
26.953080000000007 5184.000000000001 0.7755102040816326
26.953080000000007 5376.000000000001 0.6734693877551021
29.838 5292.000000000001 0.6734693877551021
28.557600000000008 5352.000000000001 0.653061224489796
26.953080000000007 5436.000000000001 0.653061224489796
28.74096000000001 5352.000000000001 0.6122448979591837
