31.070160000000005 5556.000000000001 0.5714285714285714
29.444040000000008 5568.000000000001 0.5800000000000001
28.204080000000005 5352.000000000001 0.625
31.070160000000005 5196.000000000001 0.6041666666666667
32.77483000000001 4884.0 0.6734693877551021
26.953080000000007 5568.000000000001 0.62
29.444040000000008 5496.000000000001 0.62
29.950320000000005 5088.000000000001 0.6595744680851063
28.050120000000003 5172.000000000001 0.6875
32.77483000000001 4873.0 0.6938775510204082
26.953080000000007 5496.000000000001 0.64
32.77483000000001 4807.0 0.7142857142857143
26.953080000000007 5340.000000000001 0.6799999999999999
28.050120000000003 5340.000000000001 0.6458333333333333
28.050120000000003 5232.000000000001 0.6666666666666667
32.77483000000001 4994.0 0.653061224489796
29.950320000000005 5196.000000000001 0.6382978723404256
29.223920000000007 5126.0 0.6799999999999999
29.950320000000005 5040.000000000001 0.6808510638297872
32.77483000000001 4796.0 0.7755102040816326
28.204080000000005 5148.000000000001 0.7083333333333333
29.223920000000007 4983.0 0.7346938775510203
31.349670000000003 5049.0 0.6799999999999999
29.223920000000007 4950.0 0.8
31.349670000000003 5071.0 0.6599999999999999
31.349670000000003 4994.0 0.6938775510204082
31.349670000000003 4917.0 0.7959183673469388
32.70984000000001 5184.000000000001 0.6170212765957447
29.223920000000007 4972.0 0.7551020408163265
29.223920000000007 5005.0 0.7142857142857143
31.349670000000003 4961.0 0.7346938775510203
28.050120000000003 5148.000000000001 0.7708333333333334
26.953080000000007 5292.000000000001 0.88
31.349670000000003 4807.0 0.8163265306122449
29.223920000000007 4851.0 0.8775510204081632
25.0926 5628.000000000001 0.8
