44.440889999999996 5148.000000000001 0.6190476190476191
22.976910000000004 3575.0000000000005 0.8285714285714285
29.838 3996.0000000000005 0.7222222222222222
24.252120000000005 4668.000000000001 0.7380952380952381
26.947080000000003 4536.000000000001 0.6829268292682926
24.252120000000005 4968.000000000001 0.7333333333333334
28.369200000000006 4248.000000000001 0.6578947368421053
26.953080000000007 4344.000000000001 0.675
22.976910000000004 3586.0000000000005 0.8
24.441670000000002 3663.0000000000005 0.7837837837837838
24.706990000000005 4169.0 0.7073170731707317
29.838 4236.000000000001 0.641025641025641
29.838 4164.000000000001 0.6842105263157895
22.976910000000004 3938.0000000000005 0.7894736842105263
24.441670000000002 3751.0000000000005 0.7567567567567568
29.838 4020.0000000000005 0.6944444444444444
24.441670000000002 3773.0000000000005 0.7297297297297297
22.976910000000004 4191.0 0.7560975609756098
26.947080000000003 4308.000000000001 0.7
24.441670000000002 3982.0000000000005 0.725
21.36904 3509.0000000000005 0.8888888888888888
22.976910000000004 3498.0000000000005 0.8611111111111112
