28.050120000000003 3876.0000000000005 0.7428571428571429
29.838 3852.0000000000005 0.7428571428571429
29.838 4140.000000000001 0.6756756756756757
24.252120000000005 4500.000000000001 0.7857142857142857
25.349160000000005 3828.0000000000005 0.7777777777777778
28.050120000000003 3780.0000000000005 0.8285714285714285
29.838 3888.0000000000005 0.7142857142857143
28.050120000000003 3696.0000000000005 0.8571428571428572
28.050120000000003 3804.0000000000005 0.7714285714285715
29.838 3732.0000000000005 0.7714285714285715
25.349160000000005 3912.0000000000005 0.75
25.349160000000005 3768.0000000000005 0.8888888888888888
24.252120000000005 4524.000000000001 0.7619047619047619
25.349160000000005 4080.0000000000005 0.7027027027027026
25.349160000000005 3804.0000000000005 0.8611111111111112
28.050120000000003 3792.0000000000005 0.8
29.838 3720.0000000000005 0.8285714285714285
24.252120000000005 4404.000000000001 0.8571428571428572
24.252120000000005 4704.000000000001 0.7142857142857143
24.252120000000005 4440.000000000001 0.8333333333333334
24.252120000000005 4572.000000000001 0.7380952380952381
25.349160000000005 4008.0000000000005 0.7297297297297297
