22.976910000000004 3828.0000000000005 0.6486486486486487
35.596210000000006 4784.000000000001 0.5897435897435898
22.976910000000004 3432.0000000000005 0.7647058823529411
22.976910000000004 3333.0000000000005 0.8235294117647058
22.976910000000004 3707.0000000000005 0.6756756756756757
22.976910000000004 3520.0000000000005 0.7142857142857143
22.976910000000004 3454.0000000000005 0.7352941176470589
22.976910000000004 3322.0000000000005 0.8823529411764706
25.745280000000005 3960.0000000000005 0.641025641025641
22.976910000000004 3344.0000000000005 0.7941176470588236
21.36904 3509.0000000000005 0.8888888888888888
