32.24916 7488.000000000001 0.5757575757575757
20.008890000000005 6281.000000000001 0.6612903225806452
38.134440000000005 7320.000000000001 0.5909090909090908
23.56662 5918.000000000001 0.8
32.24916 7032.000000000001 0.609375
21.1453 6446.000000000001 0.6307692307692307
30.51917 6138.000000000001 0.6557377049180328
20.597170000000006 6842.000000000001 0.6515151515151515
26.09387 6028.000000000001 0.6666666666666667
21.24441 6105.000000000001 0.6885245901639344
20.008890000000005 6930.000000000001 0.6470588235294117
26.046020000000002 6226.000000000001 0.6229508196721312
25.12433 6292.000000000001 0.6557377049180328
25.12433 5874.000000000001 0.728813559322034
23.56662 5973.000000000001 0.7833333333333333
24.29306 6050.000000000001 0.7213114754098361
23.56662 6017.000000000001 0.7666666666666666
25.12433 6182.000000000001 0.6721311475409837
21.24441 6028.000000000001 0.7540983606557377
20.008890000000005 6226.000000000001 0.7096774193548387
21.24441 6006.000000000001 0.7833333333333333
21.24441 6072.000000000001 0.7049180327868853
25.12433 5984.000000000001 0.7166666666666667
25.12433 5995.000000000001 0.7
20.008890000000005 6127.000000000001 0.7258064516129032
25.12433 6204.000000000001 0.6612903225806452
25.12433 5709.000000000001 0.7457627118644068
20.13737 5852.000000000001 0.85
21.34924 5819.000000000001 0.8305084745762712
24.28822 5808.000000000001 0.7966101694915254
24.61646 5720.000000000001 0.7586206896551724
