28.016520000000007 6864.000000000001 0.7301587301587302
28.555200000000003 6804.000000000001 0.7142857142857143
26.668680000000005 7032.000000000001 0.6875
31.419600000000006 6564.000000000001 0.7377049180327868
28.016520000000007 6804.000000000001 0.746031746031746
28.555200000000003 6732.000000000001 0.8253968253968254
26.668680000000005 6864.000000000001 0.765625
31.419600000000006 6516.000000000001 0.8032786885245902
26.668680000000005 6948.000000000001 0.703125
28.016520000000007 6744.000000000001 0.7619047619047619
29.22936000000001 6684.000000000001 0.7258064516129032
31.419600000000006 6720.000000000001 0.6721311475409837
28.016520000000007 6888.000000000001 0.7142857142857143
26.668680000000005 6912.000000000001 0.71875
28.016520000000007 6924.000000000001 0.6666666666666667
31.419600000000006 6888.000000000001 0.6451612903225806
28.016520000000007 6912.000000000001 0.6984126984126984
26.668680000000005 7296.000000000001 0.6615384615384615
35.48076000000001 6924.000000000001 0.625
31.419600000000006 6660.000000000001 0.7213114754098361
32.24916 6540.000000000001 0.7704918032786885
29.22936000000001 6756.000000000001 0.7096774193548387
32.24916 6612.000000000001 0.7049180327868853
32.24916 6684.000000000001 0.6612903225806452
32.24916 6780.000000000001 0.6557377049180328
26.668680000000005 7260.000000000001 0.6818181818181819
28.555200000000003 7068.000000000001 0.65625
