32.24916 7488.000000000001 0.5757575757575757
38.134440000000005 7320.000000000001 0.5909090909090908
32.24916 7032.000000000001 0.609375
26.046020000000002 6226.000000000001 0.6229508196721312
21.24441 6094.000000000001 0.6833333333333333
30.51917 6292.000000000001 0.6129032258064516
30.51917 6061.000000000001 0.6333333333333333
20.008890000000005 6017.000000000001 0.8032786885245902
21.24441 6171.000000000001 0.6557377049180328
20.008890000000005 6435.000000000001 0.6129032258064516
21.24441 6039.000000000001 0.7
26.046020000000002 6215.000000000001 0.639344262295082
21.24441 6160.000000000001 0.6666666666666667
21.24441 6028.000000000001 0.7166666666666667
20.008890000000005 6248.000000000001 0.6612903225806452
20.13737 6391.000000000001 0.639344262295082
20.008890000000005 6028.000000000001 0.7540983606557377
25.12433 6028.000000000001 0.6440677966101696
20.212390000000003 5984.000000000001 0.8032786885245902
25.12433 5951.000000000001 0.6779661016949152
30.639960000000006 7140.000000000001 0.59375
21.82092 6017.000000000001 0.7
23.56662 6039.000000000001 0.6666666666666667
20.008890000000005 6105.000000000001 0.6885245901639344
21.24441 5907.000000000001 0.7333333333333334
25.12433 5984.000000000001 0.6666666666666667
25.12433 5797.000000000001 0.6949152542372881
25.12433 5709.000000000001 0.7457627118644068
20.13737 5852.000000000001 0.85
21.34924 5819.000000000001 0.8305084745762712
24.28822 5808.000000000001 0.7966101694915254
24.61646 5720.000000000001 0.7586206896551724
