17.90283 2431.0 0.625
24.00013 2266.0 0.6956521739130435
24.00013 2255.0 0.7391304347826086
20.07214 2409.0 0.6666666666666667
19.757280000000005 2844.0000000000005 0.56
20.07214 2332.0 0.8333333333333334
24.00013 2343.0 0.5652173913043479
23.363780000000006 2420.0 0.625
25.083520000000004 2475.0 0.5416666666666667
19.5525 2453.0 0.5833333333333333
17.90283 2387.0 0.7083333333333333
24.00013 2222.0 0.8260869565217391
24.00013 2310.0 0.6086956521739131
24.00013 2299.0 0.6521739130434783
19.5525 2365.0 0.75
20.07214 2442.0 0.5833333333333333
17.90283 2420.0 0.6666666666666667
20.07214 2354.0 0.7916666666666666
23.938970000000005 2354.0 0.6666666666666667
20.07214 2310.0 0.875
17.90283 2508.0 0.5833333333333333
24.00013 2552.0 0.5416666666666667
