33.58652 6226.000000000001 0.6065573770491803
20.008890000000005 7084.000000000001 0.7101449275362319
20.44614 6424.000000000001 0.8153846153846154
24.61646 5720.000000000001 0.7586206896551724
33.58652 5731.000000000001 0.7413793103448276
24.61646 5764.000000000001 0.7413793103448276
21.1453 6710.000000000001 0.6666666666666667
23.29129 5984.000000000001 0.6101694915254237
21.366950000000003 6413.000000000001 0.640625
21.82092 6072.000000000001 0.7377049180327868
24.28822 5808.000000000001 0.7966101694915254
20.44614 6435.000000000001 0.7692307692307692
23.29129 5962.000000000001 0.6610169491525424
20.44614 6578.000000000001 0.7230769230769231
21.366950000000003 6094.000000000001 0.6774193548387097
21.82092 6303.000000000001 0.6721311475409837
23.29129 5830.000000000001 0.7457627118644068
21.28973 6336.000000000001 0.7301587301587302
21.24441 6248.000000000001 0.7777777777777778
21.366950000000003 6050.000000000001 0.7419354838709677
21.1453 6468.000000000001 0.703125
23.29129 5863.000000000001 0.6779661016949152
21.28973 6402.000000000001 0.7142857142857143
23.29129 5819.000000000001 0.7966101694915254
21.82092 5995.000000000001 0.7868852459016393
24.61646 5830.000000000001 0.6551724137931034
21.0562 6424.000000000001 0.7846153846153846
20.44614 6655.000000000001 0.6923076923076923
21.1453 6622.000000000001 0.6875
20.008890000000005 6501.000000000001 0.7384615384615385
21.1453 6281.000000000001 0.75
20.008890000000005 6677.000000000001 0.7121212121212122
21.28973 6237.000000000001 0.7619047619047619
20.44614 6688.000000000001 0.6818181818181819
20.008890000000005 6490.000000000001 0.7538461538461538
21.1453 6600.000000000001 0.6923076923076923
23.29129 5841.000000000001 0.728813559322034
33.58652 5775.000000000001 0.7068965517241379
24.61646 5808.000000000001 0.7068965517241379
25.12433 5709.000000000001 0.7457627118644068
20.13737 5852.000000000001 0.85
21.34924 5819.000000000001 0.8305084745762712
