24.29306 5951.000000000001 0.8333333333333334
20.008890000000005 6237.000000000001 0.7580645161290323
20.008890000000005 6171.000000000001 0.7741935483870968
30.51917 5984.000000000001 0.7457627118644068
20.008890000000005 6424.000000000001 0.71875
30.51917 5874.000000000001 0.8135593220338984
30.51917 5951.000000000001 0.7627118644067796
26.09387 5907.000000000001 0.7666666666666666
20.212390000000003 6424.000000000001 0.6984126984126984
21.512040000000002 6006.000000000001 0.819672131147541
20.008890000000005 6391.000000000001 0.7258064516129032
21.24441 6292.000000000001 0.7096774193548387
25.12433 6215.000000000001 0.639344262295082
20.008890000000005 6534.000000000001 0.703125
21.1453 6523.000000000001 0.6666666666666667
30.51917 5885.000000000001 0.7666666666666666
20.008890000000005 6325.000000000001 0.7301587301587302
21.512040000000002 6127.000000000001 0.7903225806451613
20.008890000000005 6677.000000000001 0.6825396825396826
21.512040000000002 6149.000000000001 0.7213114754098361
21.24441 6061.000000000001 0.8870967741935484
25.12433 5995.000000000001 0.8032786885245902
23.82985 6633.000000000001 0.6307692307692307
20.212390000000003 6226.000000000001 0.7580645161290323
20.008890000000005 6083.000000000001 0.8225806451612903
25.12433 6072.000000000001 0.6721311475409837
24.29306 6072.000000000001 0.7377049180327868
21.24441 6215.000000000001 0.7580645161290323
30.51917 6006.000000000001 0.7333333333333334
21.1453 6259.000000000001 0.746031746031746
20.008890000000005 6435.000000000001 0.7142857142857143
25.12433 6028.000000000001 0.7704918032786885
21.24441 6138.000000000001 0.8064516129032258
26.09387 6061.000000000001 0.7049180327868853
21.1453 6479.000000000001 0.671875
21.1453 6413.000000000001 0.6875
24.29306 6006.000000000001 0.7868852459016393
21.24441 6248.000000000001 0.7301587301587302
21.512040000000002 6336.000000000001 0.6984126984126984
24.29306 6182.000000000001 0.7096774193548387
21.738200000000003 6061.000000000001 0.7903225806451613
26.09387 6039.000000000001 0.7213114754098361
