33.58652 6226.000000000001 0.6065573770491803
23.29129 5984.000000000001 0.6101694915254237
21.366950000000003 6413.000000000001 0.640625
21.366950000000003 6094.000000000001 0.6774193548387097
21.366950000000003 6050.000000000001 0.7419354838709677
23.29129 5863.000000000001 0.6779661016949152
23.29129 5940.000000000001 0.6271186440677966
21.82092 6259.000000000001 0.6557377049180328
20.008890000000005 6237.000000000001 0.7619047619047619
23.29129 5841.000000000001 0.6949152542372881
24.61646 5676.000000000001 0.7758620689655172
21.82092 5973.000000000001 0.7868852459016393
21.24441 6127.000000000001 0.7741935483870968
20.008890000000005 6193.000000000001 0.8412698412698413
23.29129 5775.000000000001 0.7457627118644068
22.356180000000005 6556.000000000001 0.6307692307692307
21.82092 6039.000000000001 0.7213114754098361
21.24441 6204.000000000001 0.7096774193548387
20.008890000000005 6259.000000000001 0.6984126984126984
21.82092 6006.000000000001 0.7704918032786885
20.008890000000005 6248.000000000001 0.746031746031746
20.008890000000005 6512.000000000001 0.6349206349206349
20.008890000000005 6204.000000000001 0.8253968253968254
24.61646 5698.000000000001 0.6551724137931034
20.24462 6226.000000000001 0.7777777777777778
21.82092 6281.000000000001 0.639344262295082
24.61646 5654.000000000001 0.7931034482758621
20.008890000000005 6369.000000000001 0.6825396825396826
20.008890000000005 6424.000000000001 0.6507936507936508
20.24462 6347.000000000001 0.6825396825396826
21.82092 6083.000000000001 0.6721311475409837
20.24462 6182.000000000001 0.7936507936507937
21.82092 6050.000000000001 0.6885245901639344
23.29129 5797.000000000001 0.728813559322034
20.13737 5852.000000000001 0.85
21.34924 5819.000000000001 0.8305084745762712
