40.46393000000001 3874.000000000001 0.5625
26.273130000000005 4329.000000000001 0.6666666666666667
23.31168 3516.0000000000005 0.6875
35.596210000000006 3523.000000000001 0.6333333333333333
38.312430000000006 3744.000000000001 0.6129032258064516
29.320080000000008 3156.0000000000005 0.6785714285714286
35.596210000000006 3822.000000000001 0.59375
28.085760000000008 3396.0000000000005 0.7096774193548387
29.320080000000008 3216.0000000000005 0.6551724137931034
25.065720000000006 2976.0000000000005 0.8214285714285714
23.31168 3732.0000000000005 0.6764705882352942
23.31168 3444.0000000000005 0.7096774193548387
23.31168 3060.0000000000005 0.8275862068965517
28.085760000000008 3432.0000000000005 0.65625
23.31168 3096.0000000000005 0.7586206896551724
25.065720000000006 3132.0000000000005 0.75
23.31168 3084.0000000000005 0.7931034482758621
23.31168 3144.0000000000005 0.7241379310344828
29.320080000000008 2976.0000000000005 0.7857142857142857
29.320080000000008 3000.0000000000005 0.7142857142857143
29.320080000000008 2928.0000000000005 0.8571428571428572
25.065720000000006 2940.0000000000005 0.8571428571428572
23.31168 3024.0000000000005 0.896551724137931
