28.085760000000008 3432.0000000000005 0.6451612903225806
28.085760000000008 3024.0000000000005 0.7586206896551724
40.245000000000005 3720.0000000000005 0.5882352941176471
23.31168 3060.0000000000005 0.7931034482758621
39.108840000000015 2976.0000000000005 0.8928571428571429
39.108840000000015 3084.0000000000005 0.7142857142857143
23.31168 3504.0000000000005 0.6875
23.31168 3144.0000000000005 0.7241379310344828
23.31168 3576.0000000000005 0.65625
23.31168 3432.0000000000005 0.7096774193548387
39.108840000000015 3000.0000000000005 0.8571428571428572
23.31168 3036.0000000000005 0.8275862068965517
39.108840000000015 3012.0000000000005 0.75
56.85966000000001 4342.000000000001 0.5833333333333333
26.620920000000005 3468.0000000000005 0.65625
28.085760000000008 3168.0000000000005 0.6551724137931034
28.085760000000008 3492.0000000000005 0.625
28.085760000000008 3120.0000000000005 0.6896551724137931
