40.46393000000001 3874.000000000001 0.5625
35.596210000000006 3822.000000000001 0.59375
25.065720000000006 2976.0000000000005 0.8214285714285714
28.085760000000008 3432.0000000000005 0.65625
23.31168 3144.0000000000005 0.7241379310344828
23.31168 3048.0000000000005 0.8275862068965517
28.085760000000008 3168.0000000000005 0.6896551724137931
29.320080000000008 2964.0000000000005 0.75
23.31168 3072.0000000000005 0.7931034482758621
25.065720000000006 3024.0000000000005 0.75
29.320080000000008 3204.0000000000005 0.6551724137931034
25.065720000000006 3048.0000000000005 0.7142857142857143
30.733300000000007 3822.000000000001 0.625
25.065720000000006 2988.0000000000005 0.7857142857142857
35.596210000000006 3744.000000000001 0.6
29.320080000000008 2988.0000000000005 0.7142857142857143
25.065720000000006 3372.0000000000005 0.6774193548387097
35.596210000000006 3848.000000000001 0.5806451612903225
35.596210000000006 3536.000000000001 0.6206896551724138
23.31168 3444.0000000000005 0.6774193548387097
29.320080000000008 3228.0000000000005 0.6333333333333333
23.31168 3216.0000000000005 0.6896551724137931
29.320080000000008 3120.0000000000005 0.6785714285714286
23.31168 3564.0000000000005 0.65625
23.31168 3084.0000000000005 0.7586206896551724
29.320080000000008 2928.0000000000005 0.8571428571428572
25.065720000000006 2940.0000000000005 0.8571428571428572
23.31168 3024.0000000000005 0.896551724137931
