15.400000000000002 3861.0000000000005 0.5675675675675675
15.400000000000002 3982.0000000000005 0.43243243243243246
20.0 2870.0 0.7419354838709677
15.400000000000002 3784.0000000000005 0.5714285714285714
15.400000000000002 3872.0000000000005 0.5405405405405406
15.400000000000002 3927.0000000000005 0.4864864864864865
15.400000000000002 3729.0000000000005 0.6285714285714286
15.400000000000002 3773.0000000000005 0.6
20.0 2890.0 0.6774193548387097
15.400000000000002 3619.0000000000005 0.6857142857142857
20.0 2910.0 0.5806451612903225
23.1 2860.0000000000005 0.6785714285714286
23.1 2970.0000000000005 0.5714285714285714
15.400000000000002 3707.0000000000005 0.6571428571428571
20.0 2900.0 0.6451612903225806
16.0 2930.0 0.6666666666666667
17.0 2810.0 0.7666666666666666
15.0 3570.0 0.7567567567567568
16.0 3030.0 0.48484848484848486
