22.0 4598.0 0.47619047619047616
30.000000000000004 3948.0000000000005 0.47058823529411764
24.000000000000004 4452.000000000001 0.4473684210526315
15.0 3600.0 0.6052631578947368
27.600000000000005 4020.0000000000005 0.4285714285714286
20.0 2970.0 0.5806451612903225
20.0 2930.0 0.6451612903225806
23.1 2882.0000000000005 0.6785714285714286
23.1 2937.0000000000005 0.6071428571428572
23.1 2871.0000000000005 0.8214285714285714
23.1 2904.0000000000005 0.6428571428571428
15.400000000000002 3927.0000000000005 0.4864864864864865
17.0 2670.0 0.8928571428571429
14.3 6138.000000000001 0.5593220338983051
16.0 2920.0 0.6666666666666667
16.0 2990.0 0.48484848484848486
15.0 3440.0 0.7222222222222222
24.0 2980.0 0.48484848484848486
