20.0 3020.0 0.5806451612903225
23.1 2926.0000000000005 0.6071428571428572
20.0 2920.0 0.6774193548387097
20.0 3700.0 0.4736842105263158
20.0 3010.0 0.6129032258064516
19.8 3905.0000000000005 0.45945945945945943
15.400000000000002 3839.0000000000005 0.5945945945945945
23.1 2904.0000000000005 0.6428571428571428
20.0 2950.0 0.6451612903225806
23.1 2882.0000000000005 0.6785714285714286
15.0 3610.0 0.6756756756756757
23.1 2992.0000000000005 0.5357142857142857
33.60000000000001 4584.000000000001 0.44999999999999996
17.0 2810.0 0.7666666666666666
15.0 3630.0 0.6216216216216216
15.400000000000002 3894.0000000000005 0.5405405405405406
15.0 3570.0 0.7567567567567568
16.0 3050.0 0.48484848484848486
16.0 2930.0 0.6666666666666667
17.0 3030.0 0.48484848484848486
