24.000000000000004 4308.000000000001 0.45945945945945943
20.0 2930.0 0.6129032258064516
23.1 2915.0000000000005 0.5714285714285714
23.1 2838.0000000000005 0.75
20.0 2900.0 0.6774193548387097
23.1 2871.0000000000005 0.6428571428571428
15.400000000000002 3718.0000000000005 0.5714285714285714
20.0 2920.0 0.6451612903225806
24.000000000000004 4608.000000000001 0.4358974358974359
23.1 2827.0000000000005 0.8214285714285714
20.0 2880.0 0.7419354838709677
23.1 2860.0000000000005 0.7142857142857143
15.400000000000002 3652.0000000000005 0.6571428571428571
24.200000000000003 3113.0000000000005 0.4666666666666667
20.0 2950.0 0.5483870967741935
17.0 2670.0 0.8928571428571429
14.3 6138.000000000001 0.5593220338983051
16.0 2920.0 0.6666666666666667
16.0 2990.0 0.48484848484848486
15.0 3440.0 0.7222222222222222
24.0 2980.0 0.48484848484848486
15.400000000000002 3883.0000000000005 0.48571428571428577
