22.0 4598.0 0.4651162790697675
23.1 3069.0000000000005 0.4482758620689655
22.0 4411.0 0.47619047619047616
23.1 2959.0000000000005 0.5357142857142857
23.1 2827.0000000000005 0.6428571428571428
23.1 2904.0000000000005 0.6071428571428572
23.1 2948.0000000000005 0.5714285714285714
15.0 3460.0 0.6666666666666667
15.0 3540.0 0.6111111111111112
18.700000000000003 2904.0000000000005 0.7037037037037037
15.0 3450.0 0.6944444444444444
20.0 2870.0 0.6451612903225806
15.0 3440.0 0.7222222222222222
20.0 2970.0 0.5806451612903225
17.6 2860.0000000000005 0.75
20.0 2980.0 0.5161290322580645
15.400000000000002 3927.0000000000005 0.4864864864864865
17.0 2670.0 0.8928571428571429
14.3 6138.000000000001 0.5593220338983051
16.0 2920.0 0.6666666666666667
16.0 2990.0 0.48484848484848486
