15.400000000000002 3828.0000000000005 0.5945945945945945
15.400000000000002 3685.0000000000005 0.6857142857142857
15.400000000000002 3751.0000000000005 0.6
15.400000000000002 3652.0000000000005 0.7142857142857143
15.400000000000002 3850.0000000000005 0.5714285714285714
15.400000000000002 3718.0000000000005 0.6571428571428571
20.0 3000.0 0.5161290322580645
20.0 2980.0 0.6129032258064516
20.0 2950.0 0.6451612903225806
16.0 2930.0 0.6666666666666667
17.0 2810.0 0.7666666666666666
15.400000000000002 3927.0000000000005 0.4864864864864865
24.0 2990.0 0.48484848484848486
14.3 6303.000000000001 0.6
16.0 3030.0 0.4545454545454546
18.0 3020.0 0.48484848484848486
15.0 3560.0 0.736842105263158
