22.0 4697.0 0.4444444444444444
33.60000000000001 4944.000000000001 0.4418604651162791
20.0 2880.0 0.8064516129032258
15.0 3550.0 0.6486486486486487
20.0 2920.0 0.7096774193548387
20.0 2950.0 0.6129032258064516
20.0 2900.0 0.7419354838709677
20.0 2890.0 0.7741935483870968
15.0 3620.0 0.6216216216216216
15.0 3490.0 0.7027027027027026
15.0 3640.0 0.5945945945945945
15.0 3470.0 0.8108108108108107
20.0 2990.0 0.5483870967741935
20.0 2960.0 0.5806451612903225
16.0 2930.0 0.6666666666666667
15.400000000000002 3927.0000000000005 0.4864864864864865
24.0 2990.0 0.48484848484848486
17.0 2670.0 0.8928571428571429
14.3 6138.000000000001 0.5593220338983051
16.0 3020.0 0.4545454545454546
17.0 3000.0 0.48484848484848486
