19.8 4807.0 0.5217391304347826
22.0 3564.0000000000005 0.5454545454545454
22.0 4939.0 0.44680851063829785
20.0 4130.0 0.5348837209302326
20.400000000000002 4380.000000000001 0.5
25.3 3278.0000000000005 0.5483870967741935
18.700000000000003 3311.0000000000005 0.5483870967741935
25.200000000000003 3324.0000000000005 0.5172413793103448
17.6 3619.0000000000005 0.7142857142857143
17.6 3641.0000000000005 0.6857142857142857
20.0 3100.0 0.5625
15.400000000000002 3806.0000000000005 0.5714285714285714
15.400000000000002 3795.0000000000005 0.6
20.0 2940.0 0.5806451612903225
22.0 3586.0000000000005 0.5
34.800000000000004 4380.000000000001 0.39473684210526316
19.8 4906.0 0.5
17.6 3773.0000000000005 0.5428571428571429
18.700000000000003 3179.0000000000005 0.7096774193548387
23.1 2937.0000000000005 0.6428571428571428
15.400000000000002 3663.0000000000005 0.6571428571428571
26.400000000000006 4476.000000000001 0.4871794871794872
18.700000000000003 3256.0000000000005 0.6774193548387097
15.400000000000002 3707.0000000000005 0.6285714285714286
20.0 2920.0 0.7419354838709677
20.900000000000002 2860.0000000000005 0.6785714285714286
18.700000000000003 3278.0000000000005 0.6129032258064516
