19.8 6149.000000000001 0.5423728813559322
20.900000000000002 6061.000000000001 0.5689655172413793
17.6 6226.000000000001 0.5423728813559322
20.900000000000002 5995.000000000001 0.6206896551724138
19.8 6039.000000000001 0.6206896551724138
16.5 6083.000000000001 0.6271186440677966
19.8 6314.000000000001 0.5254237288135593
17.6 6072.000000000001 0.6101694915254237
19.8 6094.000000000001 0.5862068965517242
16.5 6160.000000000001 0.5666666666666667
19.8 5973.000000000001 0.6379310344827587
15.400000000000002 6127.000000000001 0.5932203389830508
17.6 6127.000000000001 0.5593220338983051
19.8 6105.000000000001 0.5593220338983051
19.8 5995.000000000001 0.6271186440677966
19.8 6270.000000000001 0.540983606557377
17.6 3619.0000000000005 0.7142857142857143
34.800000000000004 4380.000000000001 0.39473684210526316
18.700000000000003 3179.0000000000005 0.7096774193548387
15.400000000000002 3663.0000000000005 0.6571428571428571
26.400000000000006 4476.000000000001 0.4871794871794872
20.0 2920.0 0.7419354838709677
20.900000000000002 2860.0000000000005 0.6785714285714286
22.0 4741.0 0.4782608695652174
25.3 4675.0 0.48888888888888893
