19.8 5863.000000000001 0.5272727272727273
28.6 4323.0 0.5476190476190477
17.6 5049.0 0.5416666666666667
17.6 4543.0 0.6444444444444444
28.6 4224.0 0.5714285714285714
20.900000000000002 4543.0 0.6136363636363636
22.0 4400.0 0.5813953488372092
22.0 4609.0 0.5348837209302326
27.500000000000004 4367.0 0.5581395348837209
25.3 4620.0 0.5
16.5 5126.0 0.6122448979591837
25.3 4444.0 0.5348837209302326
22.0 4334.0 0.6511627906976745
22.0 4741.0 0.4782608695652174
16.5 5225.0 0.5800000000000001
28.6 4213.0 0.5853658536585367
25.3 4675.0 0.48888888888888893
28.6 4202.0 0.6097560975609756
20.900000000000002 4763.0 0.5434782608695652
27.500000000000004 4400.0 0.5348837209302326
17.6 4620.0 0.5869565217391304
17.6 4664.0 0.5555555555555556
27.500000000000004 4444.0 0.5116279069767442
28.6 4191.0 0.6341463414634146
27.500000000000004 4356.0 0.6046511627906976
16.5 4829.0 0.6382978723404256
16.5 5104.0 0.62
25.3 4367.0 0.627906976744186
20.900000000000002 4587.0 0.5909090909090908
20.900000000000002 4455.0 0.6363636363636364
16.5 4906.0 0.625
17.6 3619.0000000000005 0.7142857142857143
34.800000000000004 4380.000000000001 0.39473684210526316
18.700000000000003 3179.0000000000005 0.7096774193548387
15.400000000000002 3663.0000000000005 0.6571428571428571
26.400000000000006 4476.000000000001 0.4871794871794872
20.0 2920.0 0.7419354838709677
20.900000000000002 2860.0000000000005 0.6785714285714286
