17.90283 2453.0 0.8250000000000001
19.262760000000007 2844.0000000000005 0.7680000000000001
21.676270000000002 2508.0 0.792
19.757280000000005 2736.0000000000005 0.7680000000000001
19.235400000000002 2856.0000000000005 0.7846153846153847
19.262760000000007 2772.0000000000005 0.8160000000000001
21.742929999999998 2420.0 0.7333333333333335
21.676270000000002 2563.0 0.66
20.745960000000007 2712.0000000000005 0.8160000000000001
24.00013 2233.0 0.7652173913043478
21.742929999999998 2321.0 0.8250000000000001
24.00013 2354.0 0.6217391304347827
23.938970000000005 2365.0 0.6875
21.742929999999998 2387.0 0.7791666666666667
21.742929999999998 2442.0 0.6416666666666666
21.742929999999998 2882.0000000000005 0.6285714285714286
27.23017 2310.0 0.6695652173913045
20.745960000000007 2844.0000000000005 0.7200000000000001
23.938970000000005 2299.0 0.7791666666666667
21.676270000000002 2519.0 0.748
23.938970000000005 2354.0 0.7333333333333335
24.00013 2222.0 0.8130434782608695
24.00013 2343.0 0.6695652173913045
24.00013 2255.0 0.7173913043478262
25.083520000000004 2321.0 0.6695652173913045
