32.07659 2522.0000000000005 0.5909090909090908
32.57150000000001 2561.0000000000005 0.5454545454545454
32.07659 2769.0000000000005 0.4782608695652174
32.57150000000001 2574.0000000000005 0.5
32.57150000000001 2639.0000000000005 0.4545454545454546
32.07659 2496.0000000000005 0.6818181818181819
32.07659 2730.0000000000005 0.5217391304347826
32.07659 2587.0000000000005 0.5454545454545454
32.07659 2470.0000000000005 0.8181818181818181
32.07659 2483.0000000000005 0.7272727272727273
35.02707000000001 2457.0000000000005 0.7272727272727273
