17.6 6138.000000000001 0.576271186440678
17.6 6061.000000000001 0.6101694915254237
23.1 5918.000000000001 0.6206896551724138
25.3 6105.000000000001 0.5172413793103448
23.1 6006.000000000001 0.5344827586206897
18.700000000000003 5874.000000000001 0.7068965517241379
18.700000000000003 5984.000000000001 0.603448275862069
17.6 6105.000000000001 0.5932203389830508
19.8 5863.000000000001 0.6724137931034483
18.700000000000003 6039.000000000001 0.5517241379310345
25.3 5830.000000000001 0.6896551724137931
17.6 6226.000000000001 0.5423728813559322
22.0 5907.000000000001 0.6379310344827587
19.8 6017.000000000001 0.5689655172413793
17.6 6534.000000000001 0.5
23.1 6435.000000000001 0.4590163934426229
17.6 6215.000000000001 0.5666666666666667
23.1 5984.000000000001 0.5689655172413793
18.700000000000003 5918.000000000001 0.6551724137931034
18.700000000000003 6116.000000000001 0.5344827586206897
17.6 6039.000000000001 0.711864406779661
18.700000000000003 6006.000000000001 0.5862068965517242
18.700000000000003 5973.000000000001 0.6206896551724138
17.6 6050.000000000001 0.6440677966101696
19.8 5940.000000000001 0.603448275862069
22.0 5995.000000000001 0.5689655172413793
25.3 5984.000000000001 0.5517241379310345
25.3 5929.000000000001 0.603448275862069
18.700000000000003 5852.000000000001 0.7241379310344828
18.700000000000003 5962.000000000001 0.6379310344827587
25.3 5874.000000000001 0.6551724137931034
