17.6 6314.000000000001 0.5333333333333333
18.700000000000003 5962.000000000001 0.7068965517241379
17.6 6204.000000000001 0.6333333333333333
26.400000000000002 5896.000000000001 0.6551724137931034
18.700000000000003 6083.000000000001 0.576271186440678
19.8 5951.000000000001 0.6724137931034483
18.700000000000003 5995.000000000001 0.6206896551724138
20.900000000000002 5896.000000000001 0.7241379310344828
19.8 5940.000000000001 0.7241379310344828
25.3 5929.000000000001 0.6379310344827587
27.500000000000004 6039.000000000001 0.5689655172413793
25.3 5874.000000000001 0.6724137931034483
23.1 5995.000000000001 0.5862068965517242
19.8 5896.000000000001 0.7586206896551724
25.3 6050.000000000001 0.5517241379310345
20.900000000000002 6050.000000000001 0.5689655172413793
20.900000000000002 5918.000000000001 0.6896551724137931
17.6 6248.000000000001 0.6166666666666667
23.1 5929.000000000001 0.6724137931034483
23.1 5940.000000000001 0.6379310344827587
18.700000000000003 6061.000000000001 0.5932203389830508
25.3 6413.000000000001 0.532258064516129
19.8 5973.000000000001 0.6551724137931034
20.900000000000002 6039.000000000001 0.5862068965517242
23.1 5984.000000000001 0.6206896551724138
17.6 6281.000000000001 0.5833333333333333
23.1 6501.000000000001 0.5245901639344263
20.900000000000002 6226.000000000001 0.5423728813559322
17.6 6171.000000000001 0.7333333333333334
20.900000000000002 6116.000000000001 0.5517241379310345
24.200000000000003 6215.000000000001 0.55
26.400000000000002 6160.000000000001 0.5344827586206897
18.700000000000003 6193.000000000001 0.5593220338983051
17.6 6193.000000000001 0.6666666666666667
17.6 6303.000000000001 0.55
20.900000000000002 6028.000000000001 0.603448275862069
31.900000000000002 6336.000000000001 0.5166666666666666
