26.400000000000002 6061.000000000001 0.6271186440677966
17.6 6248.000000000001 0.6
33.0 5907.000000000001 0.6206896551724138
18.700000000000003 6050.000000000001 0.7457627118644068
17.6 6204.000000000001 0.6229508196721312
19.8 6369.000000000001 0.5333333333333333
18.700000000000003 6248.000000000001 0.5737704918032787
19.8 6017.000000000001 0.7457627118644068
16.5 6457.000000000001 0.5806451612903225
17.6 6358.000000000001 0.5666666666666667
19.8 6314.000000000001 0.55
26.400000000000002 6050.000000000001 0.6949152542372881
18.700000000000003 6028.000000000001 0.7627118644067796
18.700000000000003 6061.000000000001 0.6779661016949152
16.5 6336.000000000001 0.6774193548387097
18.700000000000003 6072.000000000001 0.6271186440677966
16.5 6391.000000000001 0.5967741935483871
17.6 6292.000000000001 0.5901639344262295
16.5 6512.000000000001 0.5483870967741935
19.8 6402.000000000001 0.5081967213114754
19.8 6039.000000000001 0.711864406779661
18.700000000000003 6083.000000000001 0.5932203389830508
17.6 6182.000000000001 0.6557377049180328
19.8 6094.000000000001 0.5593220338983051
