26.400000000000002 6017.000000000001 0.6610169491525424
17.6 6149.000000000001 0.6
18.700000000000003 6259.000000000001 0.5593220338983051
26.400000000000002 6116.000000000001 0.5932203389830508
20.900000000000002 6138.000000000001 0.576271186440678
18.700000000000003 6050.000000000001 0.711864406779661
18.700000000000003 6094.000000000001 0.6101694915254237
17.6 6292.000000000001 0.5333333333333333
18.700000000000003 6083.000000000001 0.6271186440677966
19.8 6171.000000000001 0.55
24.200000000000003 6171.000000000001 0.5423728813559322
19.8 6314.000000000001 0.5166666666666666
18.700000000000003 6061.000000000001 0.6440677966101696
26.400000000000002 6193.000000000001 0.5254237288135593
19.8 6226.000000000001 0.5333333333333333
18.700000000000003 6226.000000000001 0.5833333333333333
17.6 6105.000000000001 0.6333333333333333
17.6 6259.000000000001 0.5666666666666667
19.8 6149.000000000001 0.5833333333333333
26.400000000000002 6127.000000000001 0.5593220338983051
18.700000000000003 6248.000000000001 0.5666666666666667
26.400000000000002 6039.000000000001 0.6440677966101696
26.400000000000002 6072.000000000001 0.6271186440677966
