18.700000000000003 5984.000000000001 0.6724137931034483
17.6 6127.000000000001 0.5254237288135593
21.0 5580.0 0.6166666666666667
17.6 6105.000000000001 0.5932203389830508
19.8 6072.000000000001 0.5423728813559322
18.700000000000003 6039.000000000001 0.6101694915254237
21.0 5650.0 0.5333333333333333
17.6 6347.000000000001 0.5166666666666666
20.900000000000002 5940.000000000001 0.603448275862069
20.900000000000002 6061.000000000001 0.5689655172413793
23.0 5570.0 0.5666666666666667
17.6 6061.000000000001 0.6271186440677966
25.3 6391.000000000001 0.4918032786885246
21.0 5630.0 0.5833333333333333
17.6 6050.000000000001 0.6440677966101696
21.0 5530.0 0.65
19.8 6017.000000000001 0.6610169491525424
19.8 6028.000000000001 0.6271186440677966
17.6 6028.000000000001 0.6610169491525424
23.0 5560.0 0.6
17.6 6072.000000000001 0.6101694915254237
20.900000000000002 6039.000000000001 0.5862068965517242
