17.6 6017.000000000001 0.6101694915254237
26.400000000000002 6050.000000000001 0.5517241379310345
19.8 6215.000000000001 0.5254237288135593
25.3 5940.000000000001 0.6551724137931034
26.400000000000002 5885.000000000001 0.6724137931034483
20.900000000000002 5951.000000000001 0.6440677966101696
26.400000000000002 5951.000000000001 0.5862068965517242
26.400000000000002 6105.000000000001 0.5344827586206897
17.6 6116.000000000001 0.5593220338983051
20.900000000000002 5929.000000000001 0.711864406779661
26.400000000000002 5962.000000000001 0.5689655172413793
17.6 6006.000000000001 0.6779661016949152
27.600000000000005 6828.000000000001 0.5166666666666666
17.6 6072.000000000001 0.576271186440678
23.1 5940.000000000001 0.6896551724137931
19.8 6028.000000000001 0.576271186440678
20.900000000000002 6105.000000000001 0.5593220338983051
23.1 6017.000000000001 0.5862068965517242
17.6 6149.000000000001 0.5423728813559322
19.8 6402.000000000001 0.5245901639344263
17.6 5984.000000000001 0.7627118644067796
24.200000000000003 5984.000000000001 0.6206896551724138
20.900000000000002 6006.000000000001 0.5932203389830508
20.900000000000002 6138.000000000001 0.5423728813559322
17.6 6061.000000000001 0.5932203389830508
26.400000000000002 5907.000000000001 0.6379310344827587
