17.6 6028.000000000001 0.6779661016949152
18.700000000000003 5896.000000000001 0.6724137931034483
19.8 5874.000000000001 0.6896551724137931
18.700000000000003 5962.000000000001 0.6206896551724138
18.700000000000003 6072.000000000001 0.5689655172413793
18.700000000000003 5885.000000000001 0.7413793103448276
17.6 6193.000000000001 0.5423728813559322
17.6 6017.000000000001 0.728813559322034
18.700000000000003 5918.000000000001 0.6379310344827587
17.6 6127.000000000001 0.576271186440678
18.700000000000003 5984.000000000001 0.5862068965517242
19.8 6413.000000000001 0.5
19.8 6061.000000000001 0.5689655172413793
17.6 6160.000000000001 0.5593220338983051
17.6 6050.000000000001 0.6271186440677966
19.8 6094.000000000001 0.5593220338983051
26.400000000000002 6116.000000000001 0.5344827586206897
17.6 6083.000000000001 0.5932203389830508
26.400000000000002 6402.000000000001 0.44999999999999996
19.8 5929.000000000001 0.5862068965517242
18.700000000000003 6127.000000000001 0.5423728813559322
18.700000000000003 6215.000000000001 0.5084745762711864
22.0 6083.000000000001 0.5593220338983051
