14.3 6413.000000000001 0.5666666666666667
22.0 6226.000000000001 0.5333333333333333
17.6 6028.000000000001 0.6610169491525424
15.400000000000002 6435.000000000001 0.564516129032258
26.400000000000002 6028.000000000001 0.5517241379310345
24.200000000000003 6193.000000000001 0.5517241379310345
25.3 5984.000000000001 0.5862068965517242
17.6 6160.000000000001 0.5593220338983051
16.5 6193.000000000001 0.6
26.400000000000002 5907.000000000001 0.6896551724137931
24.200000000000003 5929.000000000001 0.6379310344827587
24.200000000000003 6039.000000000001 0.603448275862069
19.8 6094.000000000001 0.5593220338983051
17.6 6116.000000000001 0.576271186440678
17.6 6083.000000000001 0.6101694915254237
16.5 6149.000000000001 0.65
17.6 6061.000000000001 0.6271186440677966
17.6 5995.000000000001 0.6779661016949152
16.5 6270.000000000001 0.5333333333333333
17.6 6270.000000000001 0.5254237288135593
14.3 6270.000000000001 0.5833333333333333
18.700000000000003 5984.000000000001 0.6610169491525424
14.3 6215.000000000001 0.6166666666666667
25.3 6138.000000000001 0.5344827586206897
14.3 6105.000000000001 0.6833333333333333
25.3 6633.000000000001 0.4838709677419355
26.400000000000002 5951.000000000001 0.603448275862069
18.700000000000003 6017.000000000001 0.6271186440677966
17.6 6204.000000000001 0.55
24.200000000000003 6083.000000000001 0.5862068965517242
18.700000000000003 6105.000000000001 0.5932203389830508
19.8 6050.000000000001 0.6101694915254237
18.700000000000003 5995.000000000001 0.6440677966101696
24.200000000000003 5984.000000000001 0.6206896551724138
26.400000000000002 6050.000000000001 0.5344827586206897
37.400000000000006 6193.000000000001 0.5084745762711864
19.8 6325.000000000001 0.5166666666666666
