19.8 6072.000000000001 0.5689655172413793
26.400000000000002 6083.000000000001 0.5423728813559322
19.8 5940.000000000001 0.6206896551724138
19.8 6105.000000000001 0.5517241379310345
19.8 5918.000000000001 0.6379310344827587
17.6 6215.000000000001 0.5254237288135593
18.700000000000003 6028.000000000001 0.603448275862069
19.8 5951.000000000001 0.603448275862069
37.400000000000006 6061.000000000001 0.576271186440678
17.6 6193.000000000001 0.576271186440678
18.700000000000003 5940.000000000001 0.6379310344827587
17.6 5940.000000000001 0.711864406779661
18.700000000000003 5973.000000000001 0.6206896551724138
17.6 6105.000000000001 0.5932203389830508
19.8 5885.000000000001 0.6551724137931034
17.6 6061.000000000001 0.6101694915254237
19.8 5973.000000000001 0.5862068965517242
18.700000000000003 5907.000000000001 0.6551724137931034
24.000000000000004 7248.000000000001 0.467741935483871
18.700000000000003 6138.000000000001 0.576271186440678
24.200000000000003 6501.000000000001 0.5081967213114754
19.8 6754.000000000001 0.515625
19.8 6149.000000000001 0.5172413793103448
20.900000000000002 6589.000000000001 0.5161290322580645
28.6 6578.000000000001 0.5
