26.400000000000002 5896.000000000001 0.6379310344827587
24.200000000000003 5962.000000000001 0.6379310344827587
17.6 6017.000000000001 0.6779661016949152
19.8 6006.000000000001 0.6779661016949152
18.700000000000003 5962.000000000001 0.7068965517241379
17.6 6237.000000000001 0.5423728813559322
37.400000000000006 5863.000000000001 0.7586206896551724
17.6 6028.000000000001 0.6101694915254237
20.900000000000002 5973.000000000001 0.5932203389830508
20.900000000000002 6039.000000000001 0.5423728813559322
18.700000000000003 6226.000000000001 0.5423728813559322
26.400000000000002 6149.000000000001 0.4915254237288136
25.3 6270.000000000001 0.5081967213114754
24.200000000000003 5885.000000000001 0.6724137931034483
26.400000000000002 5995.000000000001 0.5689655172413793
20.900000000000002 6237.000000000001 0.5084745762711864
17.6 6347.000000000001 0.5254237288135593
26.400000000000002 6138.000000000001 0.5344827586206897
17.6 6127.000000000001 0.5593220338983051
17.6 6061.000000000001 0.576271186440678
26.400000000000002 5918.000000000001 0.603448275862069
17.6 6380.000000000001 0.5166666666666666
