20.45296 2376.0 0.8
21.8427 3234.0000000000005 0.4516129032258065
21.8427 3190.0000000000005 0.5161290322580645
19.276400000000002 3322.0000000000005 0.6363636363636364
21.316680000000005 2926.0000000000005 0.5172413793103448
20.45296 3223.0000000000005 0.59375
20.45296 2574.0 0.6
21.316680000000005 2838.0000000000005 0.5862068965517242
21.316680000000005 2706.0 0.5925925925925926
19.20248 2926.0000000000005 0.6551724137931034
20.45296 2464.0 0.64
19.20248 2816.0 0.7241379310344828
19.20248 2827.0000000000005 0.6896551724137931
20.45296 2420.0 0.72
13.593029999999999 2420.0 0.76
20.45296 2343.0 0.92
21.90815 3003.0000000000005 0.48275862068965514
