20.45296 2376.0 0.8
21.8427 3234.0000000000005 0.4516129032258065
21.8427 3190.0000000000005 0.5161290322580645
21.316680000000005 2926.0000000000005 0.5172413793103448
20.45296 3223.0000000000005 0.59375
21.316680000000005 2706.0 0.5925925925925926
19.20248 2926.0000000000005 0.6551724137931034
20.45296 2508.0 0.6
21.316680000000005 2816.0 0.5555555555555556
19.20248 2783.0 0.7142857142857143
20.45296 2442.0 0.64
20.45296 2387.0 0.72
21.8427 2882.0000000000005 0.5517241379310345
20.45296 2365.0 0.84
19.276400000000002 3091.0000000000005 0.6
19.20248 2772.0 0.75
20.45296 3278.0000000000005 0.5454545454545454
19.20248 2805.0 0.6785714285714286
21.8427 3223.0000000000005 0.5
13.593029999999999 2420.0 0.76
20.45296 2343.0 0.92
21.90815 3003.0000000000005 0.48275862068965514
