32.57150000000001 2756.0000000000005 0.4347826086956522
32.07659 2691.0000000000005 0.5
32.72321000000001 2613.0000000000005 0.5
32.07659 2561.0000000000005 0.5909090909090908
32.07659 2587.0000000000005 0.5454545454545454
32.07659 2756.0000000000005 0.4782608695652174
32.07659 2522.0000000000005 0.6363636363636364
32.57150000000001 2548.0000000000005 0.5909090909090908
32.57150000000001 2639.0000000000005 0.4545454545454546
32.07659 2483.0000000000005 0.6818181818181819
35.02707000000001 2457.0000000000005 0.8636363636363636
