26.400000000000002 6193.000000000001 0.5517241379310345
18.700000000000003 5863.000000000001 0.6896551724137931
26.400000000000002 5885.000000000001 0.6551724137931034
16.5 6061.000000000001 0.728813559322034
36.300000000000004 5852.000000000001 0.6724137931034483
37.400000000000006 5863.000000000001 0.603448275862069
19.8 5929.000000000001 0.6551724137931034
37.400000000000006 5841.000000000001 0.7586206896551724
36.300000000000004 5907.000000000001 0.6379310344827587
19.8 5940.000000000001 0.6379310344827587
