17.6 6644.000000000001 0.6349206349206349
25.3 6127.000000000001 0.5172413793103448
18.700000000000003 6193.000000000001 0.6833333333333333
25.3 5896.000000000001 0.6551724137931034
26.400000000000002 5940.000000000001 0.6379310344827587
17.6 6413.000000000001 0.6612903225806452
18.700000000000003 6171.000000000001 0.75
26.400000000000002 5962.000000000001 0.5862068965517242
19.8 5973.000000000001 0.6206896551724138
23.1 5918.000000000001 0.7241379310344828
19.8 5896.000000000001 0.7413793103448276
19.8 5929.000000000001 0.7241379310344828
23.1 5951.000000000001 0.6206896551724138
19.8 5962.000000000001 0.7068965517241379
