18.700000000000003 6094.000000000001 0.6610169491525424
26.400000000000002 6182.000000000001 0.5344827586206897
18.700000000000003 5962.000000000001 0.6896551724137931
26.400000000000002 5907.000000000001 0.6551724137931034
26.400000000000002 5863.000000000001 0.7241379310344828
19.8 5830.000000000001 0.7586206896551724
18.700000000000003 5918.000000000001 0.7068965517241379
19.8 5918.000000000001 0.6724137931034483
20.900000000000002 5918.000000000001 0.603448275862069
20.900000000000002 5874.000000000001 0.6896551724137931
19.8 5907.000000000001 0.6896551724137931
19.8 5885.000000000001 0.7068965517241379
20.900000000000002 5896.000000000001 0.6724137931034483
