18.700000000000003 6160.000000000001 0.6101694915254237
24.200000000000003 5885.000000000001 0.603448275862069
26.400000000000002 5984.000000000001 0.48275862068965514
18.700000000000003 5918.000000000001 0.6896551724137931
25.3 5852.000000000001 0.6206896551724138
36.300000000000004 5797.000000000001 0.6896551724137931
23.1 5841.000000000001 0.7241379310344828
19.8 5907.000000000001 0.603448275862069
23.1 5896.000000000001 0.6206896551724138
26.400000000000002 5830.000000000001 0.7241379310344828
19.8 5885.000000000001 0.7758620689655172
18.700000000000003 5907.000000000001 0.7068965517241379
23.1 5885.000000000001 0.7068965517241379
