17.6 6314.000000000001 0.6833333333333333
26.400000000000002 6193.000000000001 0.5254237288135593
18.700000000000003 5929.000000000001 0.7586206896551724
20.900000000000002 5885.000000000001 0.7413793103448276
17.6 6149.000000000001 0.7166666666666667
18.700000000000003 6017.000000000001 0.7241379310344828
19.8 5929.000000000001 0.6551724137931034
19.8 5918.000000000001 0.7241379310344828
23.1 5852.000000000001 0.8103448275862069
22.0 5896.000000000001 0.7068965517241379
23.1 5863.000000000001 0.6206896551724138
