26.400000000000002 5852.000000000001 0.6379310344827587
41.800000000000004 6303.000000000001 0.55
23.1 5907.000000000001 0.7241379310344828
26.400000000000002 5841.000000000001 0.6896551724137931
18.700000000000003 5929.000000000001 0.6724137931034483
37.400000000000006 5830.000000000001 0.7068965517241379
37.400000000000006 5819.000000000001 0.7413793103448276
23.1 5951.000000000001 0.6379310344827587
19.8 5940.000000000001 0.6551724137931034
37.400000000000006 5874.000000000001 0.6206896551724138
