24.632640000000006 5364.000000000001 0.8
28.050120000000003 6048.000000000001 0.6226415094339622
31.070160000000005 5100.000000000001 0.75
32.85804 5256.000000000001 0.6041666666666667
40.37136000000001 5232.000000000001 0.6458333333333333
40.37136000000001 5208.000000000001 0.6875
25.289160000000006 5424.000000000001 0.78
26.953080000000007 5868.000000000001 0.6730769230769231
27.333600000000004 5664.000000000001 0.6666666666666667
27.333600000000004 5916.000000000001 0.6274509803921569
40.37136000000001 5184.000000000001 0.7291666666666667
29.838 5484.000000000001 0.653061224489796
24.632640000000006 5436.000000000001 0.7
31.070160000000005 5304.000000000001 0.6666666666666667
28.204080000000005 5304.000000000001 0.7551020408163265
24.632640000000006 5556.000000000001 0.6799999999999999
29.838 5316.000000000001 0.7142857142857143
28.204080000000005 5592.000000000001 0.6122448979591837
28.050120000000003 5328.000000000001 0.7551020408163265
26.953080000000007 5916.000000000001 0.6538461538461539
31.070160000000005 5532.000000000001 0.6122448979591837
28.050120000000003 5340.000000000001 0.7142857142857143
31.070160000000005 5220.000000000001 0.6875
28.050120000000003 5352.000000000001 0.6734693877551021
31.070160000000005 5316.000000000001 0.6458333333333333
28.050120000000003 5580.000000000001 0.653061224489796
26.953080000000007 5292.000000000001 0.88
31.349670000000003 4741.0 0.8333333333333334
27.249360000000006 5220.000000000001 0.7916666666666666
27.666430000000002 5049.0 0.803921568627451
29.223920000000007 4752.0 0.7916666666666666
28.30355 5016.0 0.7647058823529411
24.252120000000005 5376.000000000001 0.88
