28.204080000000005 5220.000000000001 0.6875
29.838 5292.000000000001 0.625
29.838 5160.000000000001 0.7083333333333333
29.838 5184.000000000001 0.6875
28.204080000000005 5136.000000000001 0.7291666666666667
29.838 5268.000000000001 0.6458333333333333
28.050120000000003 5268.000000000001 0.7142857142857143
28.050120000000003 5208.000000000001 0.8571428571428572
29.838 5196.000000000001 0.6666666666666667
28.204080000000005 5280.000000000001 0.6666666666666667
29.838 5412.000000000001 0.6041666666666667
28.050120000000003 5304.000000000001 0.6734693877551021
28.050120000000003 5340.000000000001 0.6326530612244898
28.050120000000003 5232.000000000001 0.7346938775510203
28.204080000000005 5328.000000000001 0.6458333333333333
