32.85804 5256.000000000001 0.6041666666666667
27.333600000000004 5916.000000000001 0.6274509803921569
24.632640000000006 5556.000000000001 0.6799999999999999
29.838 5316.000000000001 0.7142857142857143
28.050120000000003 5352.000000000001 0.6734693877551021
27.333600000000004 5760.000000000001 0.6470588235294117
31.070160000000005 5184.000000000001 0.625
24.632640000000006 5412.000000000001 0.7
26.953080000000007 5544.000000000001 0.6799999999999999
32.85804 5520.000000000001 0.5714285714285714
32.85804 5148.000000000001 0.6666666666666667
28.050120000000003 5316.000000000001 0.7346938775510203
24.632640000000006 5772.000000000001 0.64
24.632640000000006 5328.000000000001 0.8
28.050120000000003 5328.000000000001 0.7142857142857143
29.950320000000005 5088.000000000001 0.6808510638297872
29.950320000000005 5256.000000000001 0.6595744680851063
26.953080000000007 5556.000000000001 0.6599999999999999
32.73996 5904.000000000001 0.5769230769230769
29.950320000000005 5316.000000000001 0.6170212765957447
31.349670000000003 4950.0 0.7346938775510203
29.838 5352.000000000001 0.653061224489796
30.92196000000001 5244.000000000001 0.6595744680851063
29.223920000000007 4972.0 0.7551020408163265
28.050120000000003 5460.000000000001 0.6122448979591837
28.204080000000005 5304.000000000001 0.7346938775510203
29.223920000000007 5225.0 0.74
25.289160000000006 5400.000000000001 0.78
28.050120000000003 5388.000000000001 0.6326530612244898
31.349670000000003 5159.0 0.6799999999999999
31.349670000000003 4983.0 0.6938775510204082
26.953080000000007 5292.000000000001 0.88
31.349670000000003 4741.0 0.8333333333333334
27.249360000000006 5220.000000000001 0.7916666666666666
27.666430000000002 5049.0 0.803921568627451
29.223920000000007 4752.0 0.7916666666666666
28.30355 5016.0 0.7647058823529411
24.252120000000005 5376.000000000001 0.88
