11.0 2460.0 0.6296296296296297
11.0 2470.0 0.5925925925925926
10.0 2510.0 0.6785714285714286
10.0 2730.0 0.4642857142857143
10.0 2530.0 0.6428571428571428
14.0 2410.0 0.5384615384615384
10.0 2600.0 0.5
10.0 2500.0 0.7142857142857143
14.0 2310.0 0.7307692307692308
11.0 2480.0 0.5555555555555556
11.0 2450.0 0.6666666666666667
10.0 2560.0 0.5714285714285714
11.0 2420.0 0.7037037037037037
14.0 2470.0 0.4814814814814815
14.0 2320.0 0.6923076923076923
14.0 2370.0 0.6538461538461539
10.0 2700.0 0.48275862068965514
13.0 2460.0 0.5185185185185186
14.0 2380.0 0.5769230769230769
13.0 2560.0 0.40740740740740744
19.0 2930.0 0.4
14.0 2490.0 0.46153846153846156
14.0 2430.0 0.5
