10.0 2820.0 0.5862068965517242
10.0 2770.0 0.6551724137931034
11.0 2660.0 0.6428571428571428
10.0 2640.0 0.6896551724137931
10.0 2780.0 0.6206896551724138
11.0 2630.0 0.7142857142857143
12.100000000000001 3080.0000000000005 0.5517241379310345
13.0 2520.0 0.5185185185185186
13.0 2460.0 0.5925925925925926
11.0 2520.0 0.75
14.0 2330.0 0.6153846153846154
14.0 2470.0 0.46153846153846156
14.0 2430.0 0.5
13.0 2450.0 0.6296296296296297
13.0 2470.0 0.5555555555555556
14.0 2500.0 0.42307692307692313
13.0 2410.0 0.7037037037037037
13.0 2540.0 0.4444444444444444
14.0 2400.0 0.5384615384615384
14.0 2380.0 0.5769230769230769
16.0 2640.0 0.37037037037037035
