10.0 2580.0 0.6896551724137931
16.0 2460.0 0.5
14.0 2320.0 0.7307692307692308
13.0 2480.0 0.7777777777777778
10.0 2600.0 0.6551724137931034
10.0 2660.0 0.5862068965517242
14.0 2350.0 0.6538461538461539
13.0 2520.0 0.5555555555555556
14.0 2400.0 0.5769230769230769
10.0 2720.0 0.48275862068965514
14.0 2430.0 0.5384615384615384
13.0 2560.0 0.4814814814814815
17.0 2920.0 0.4
13.0 2490.0 0.5925925925925926
17.0 2800.0 0.4482758620689655
13.0 3000.0 0.4516129032258065
10.0 2690.0 0.5517241379310345
17.0 2780.0 0.4666666666666667
17.0 2860.0 0.43333333333333335
11.0 3157.0000000000005 0.43333333333333335
14.0 2910.0 0.4666666666666667
