17.90283 1408.0 0.6666666666666667
17.521920000000005 1776.0000000000002 0.7058823529411764
17.90283 1661.0000000000002 0.5294117647058824
17.72606 1562.0000000000002 0.625
17.72606 1815.0000000000002 0.5555555555555556
17.521920000000005 1812.0000000000002 0.5882352941176471
17.72606 1738.0000000000002 0.6111111111111112
17.90283 1463.0000000000002 0.6
17.521920000000005 1860.0000000000002 0.5294117647058824
17.72606 1507.0000000000002 0.6875
17.90283 1540.0000000000002 0.5333333333333333
17.521920000000005 2244.0000000000005 0.5
17.90283 1738.0000000000002 0.47058823529411764
