17.72606 1727.0000000000002 0.6111111111111112
17.521920000000005 1764.0000000000002 0.7058823529411764
17.521920000000005 1788.0000000000002 0.6470588235294117
17.90283 1441.0000000000002 0.6
17.90283 1397.0 0.6666666666666667
17.72606 1562.0000000000002 0.625
17.521920000000005 1836.0000000000002 0.5882352941176471
17.72606 1518.0000000000002 0.6875
17.90283 1749.0000000000002 0.47058823529411764
17.90283 1606.0000000000002 0.5625
17.521920000000005 2088.0000000000005 0.5263157894736843
17.72606 1507.0000000000002 0.75
17.72606 1771.0000000000002 0.5
17.90283 1683.0000000000002 0.5294117647058824
