22.800030000000003 2497.0 0.5416666666666667
22.28039 2398.0 0.7083333333333333
24.00013 2299.0 0.6086956521739131
24.00013 2332.0 0.5652173913043479
22.800030000000003 2387.0 0.625
22.800030000000003 2431.0 0.5833333333333333
24.00013 2211.0 0.782608695652174
27.080900000000003 2387.0 0.5217391304347826
22.28039 2508.0 0.5833333333333333
22.28039 2431.0 0.625
24.00013 2244.0 0.6521739130434783
24.00013 2233.0 0.6956521739130435
27.11511 2475.0 0.5
22.800030000000003 2332.0 0.7916666666666666
22.28039 2387.0 0.75
22.800030000000003 2365.0 0.6666666666666667
24.59303 2398.0 0.5217391304347826
