29.838 4080.0000000000005 0.6944444444444444
28.050120000000003 3840.0000000000005 0.7222222222222222
29.838 3804.0000000000005 0.8055555555555556
28.050120000000003 3816.0000000000005 0.9444444444444444
24.453120000000006 4956.000000000001 0.75
29.838 3828.0000000000005 0.7777777777777778
24.252120000000005 5016.000000000001 0.7727272727272727
29.838 3720.0000000000005 0.8333333333333334
24.252120000000005 4776.000000000001 0.7906976744186046
24.252120000000005 4716.000000000001 0.8837209302325582
