40.49058000000001 4927.000000000001 0.65
22.976910000000004 3740.0000000000005 0.6756756756756757
22.976910000000004 3498.0000000000005 0.8611111111111112
44.440889999999996 4914.000000000001 0.6341463414634146
44.440889999999996 4836.000000000001 0.6585365853658536
28.369200000000006 4284.000000000001 0.6666666666666667
22.976910000000004 3531.0000000000005 0.8055555555555556
22.976910000000004 3696.0000000000005 0.7027027027027026
22.976910000000004 3619.0000000000005 0.7222222222222222
22.976910000000004 3575.0000000000005 0.75
22.976910000000004 3553.0000000000005 0.7777777777777778
21.36904 3509.0000000000005 0.8888888888888888
