28.050120000000003 3816.0000000000005 0.8888888888888888
29.838 3804.0000000000005 0.8333333333333334
25.349160000000005 3912.0000000000005 0.7777777777777778
25.349160000000005 4092.0000000000005 0.7222222222222222
28.050120000000003 4080.0000000000005 0.6756756756756757
29.838 4032.0000000000005 0.6666666666666667
29.838 3840.0000000000005 0.75
28.050120000000003 3900.0000000000005 0.7777777777777778
28.050120000000003 3936.0000000000005 0.7222222222222222
25.349160000000005 3996.0000000000005 0.75
29.838 3996.0000000000005 0.7027027027027026
29.838 4224.000000000001 0.6578947368421053
28.050120000000003 4008.0000000000005 0.6944444444444444
25.349160000000005 4176.000000000001 0.7027027027027026
29.838 3924.0000000000005 0.7222222222222222
25.349160000000005 3852.0000000000005 0.8055555555555556
25.349160000000005 3840.0000000000005 0.8888888888888888
