44.440889999999996 4992.000000000001 0.6097560975609756
22.976910000000004 3476.0000000000005 0.8055555555555556
22.976910000000004 3465.0000000000005 0.8333333333333334
35.596210000000006 4589.000000000001 0.631578947368421
22.976910000000004 3498.0000000000005 0.75
25.745280000000005 3850.0000000000005 0.6486486486486487
22.976910000000004 3597.0000000000005 0.7222222222222222
22.976910000000004 3641.0000000000005 0.6666666666666667
29.838 4344.000000000001 0.641025641025641
27.40661 3586.0000000000005 0.7222222222222222
22.976910000000004 3608.0000000000005 0.6944444444444444
21.36904 3509.0000000000005 0.8888888888888888
