17.90283 1408.0 0.8066666666666668
22.027829999999998 1782.0000000000002 0.48888888888888893
22.027829999999998 1639.0000000000002 0.55
17.72606 1551.0000000000002 0.6875
17.72606 1496.0000000000002 0.8250000000000001
17.90283 1683.0000000000002 0.5176470588235295
17.90283 1485.0000000000002 0.66
17.72606 1518.0000000000002 0.7562500000000001
17.72606 1595.0000000000002 0.61875
17.90283 1628.0000000000002 0.5823529411764706
17.90283 1419.0000000000002 0.7333333333333335
17.72606 1760.0000000000002 0.6111111111111112
