17.72606 1518.0000000000002 0.7562500000000001
17.90283 1419.0000000000002 0.8066666666666668
17.72606 1848.0000000000002 0.55
17.72606 1562.0000000000002 0.61875
17.521920000000005 1788.0000000000002 0.8470588235294119
17.90283 1441.0000000000002 0.66
17.521920000000005 1776.0000000000002 0.9882352941176472
17.521920000000005 1800.0000000000002 0.7764705882352941
17.521920000000005 1884.0000000000002 0.6352941176470589
17.72606 1771.0000000000002 0.6111111111111112
17.90283 1749.0000000000002 0.5176470588235295
17.521920000000005 1848.0000000000002 0.7058823529411766
17.90283 1551.0000000000002 0.5866666666666667
17.521920000000005 2124.0000000000005 0.6315789473684212
17.90283 1672.0000000000002 0.55
