17.521920000000005 1836.0000000000002 0.7058823529411766
17.90283 1419.0000000000002 0.7333333333333335
17.90283 1738.0000000000002 0.5176470588235295
17.521920000000005 1764.0000000000002 0.9882352941176472
17.90283 1463.0000000000002 0.66
17.521920000000005 1800.0000000000002 0.9176470588235295
17.72606 1793.0000000000002 0.55
17.72606 1529.0000000000002 0.7562500000000001
17.90283 1617.0000000000002 0.55
17.72606 1738.0000000000002 0.6111111111111112
17.72606 1507.0000000000002 0.8250000000000001
17.72606 1573.0000000000002 0.61875
17.521920000000005 1824.0000000000002 0.7764705882352941
17.72606 1562.0000000000002 0.6875
17.90283 1518.0000000000002 0.5866666666666667
17.521920000000005 1812.0000000000002 0.8470588235294119
