17.72606 1573.0000000000002 0.6875
17.90283 1441.0000000000002 0.66
17.72606 1507.0000000000002 0.89375
17.90283 1485.0000000000002 0.5866666666666667
17.72606 1815.0000000000002 0.48888888888888893
17.90283 1683.0000000000002 0.5176470588235295
17.521920000000005 1800.0000000000002 0.6352941176470589
17.72606 1529.0000000000002 0.7562500000000001
17.72606 1760.0000000000002 0.6111111111111112
17.521920000000005 1920.0000000000002 0.5647058823529413
17.72606 1518.0000000000002 0.8250000000000001
17.90283 1661.0000000000002 0.5823529411764706
17.90283 1408.0 0.8066666666666668
