17.521920000000005 1836.0000000000002 0.7058823529411766
17.90283 1419.0000000000002 0.7333333333333335
17.90283 1463.0000000000002 0.66
17.90283 1617.0000000000002 0.55
17.72606 1738.0000000000002 0.6111111111111112
17.72606 1507.0000000000002 0.8250000000000001
17.72606 1573.0000000000002 0.61875
17.521920000000005 1824.0000000000002 0.7764705882352941
17.72606 1771.0000000000002 0.55
17.90283 1408.0 0.8800000000000001
17.72606 1815.0000000000002 0.48888888888888893
17.90283 1496.0000000000002 0.5866666666666667
17.521920000000005 2160.0000000000005 0.6315789473684212
17.521920000000005 1788.0000000000002 0.8470588235294119
17.72606 1551.0000000000002 0.6875
17.521920000000005 1884.0000000000002 0.6352941176470589
17.90283 1716.0000000000002 0.5176470588235295
17.521920000000005 1764.0000000000002 0.9176470588235295
17.72606 1518.0000000000002 0.7562500000000001
