27.363840000000003 2412.0000000000005 0.4285714285714286
13.644950000000003 1958.0000000000002 0.4736842105263158
13.316930000000003 1397.0 0.6428571428571428
13.836570000000002 1375.0 0.7142857142857143
13.644950000000003 1452.0000000000002 0.5
13.316930000000003 1485.0000000000002 0.5
13.316930000000003 1375.0 0.7857142857142857
13.316930000000003 1386.0 0.7142857142857143
13.836570000000002 1353.0 0.7857142857142857
13.316930000000003 1364.0 0.8571428571428572
13.316930000000003 1419.0000000000002 0.5714285714285714
