17.521920000000005 1764.0000000000002 0.7058823529411764
17.72606 1507.0000000000002 0.6875
17.521920000000005 1776.0000000000002 0.6470588235294117
17.90283 1562.0000000000002 0.5333333333333333
17.90283 1419.0000000000002 0.6666666666666667
17.521920000000005 1848.0000000000002 0.5294117647058824
17.521920000000005 1836.0000000000002 0.5882352941176471
17.72606 1562.0000000000002 0.625
17.90283 1463.0000000000002 0.6
17.72606 1650.0000000000002 0.5
17.90283 1408.0 0.7333333333333334
17.521920000000005 1752.0000000000002 0.8823529411764706
17.72606 1496.0000000000002 0.75
17.72606 1617.0000000000002 0.5625
