17.521920000000005 1752.0000000000002 0.7647058823529411
17.90283 1397.0 0.8
17.90283 1507.0000000000002 0.4666666666666667
17.521920000000005 1764.0000000000002 0.7058823529411764
17.72606 1760.0000000000002 0.5555555555555556
17.72606 1595.0000000000002 0.5625
17.72606 1562.0000000000002 0.625
17.521920000000005 1788.0000000000002 0.5882352941176471
17.90283 1496.0000000000002 0.5333333333333333
17.521920000000005 1872.0000000000002 0.5294117647058824
17.72606 1837.0000000000002 0.5
17.72606 1496.0000000000002 0.6875
36.41868 2244.0000000000005 0.4
17.90283 1419.0000000000002 0.6666666666666667
17.90283 1452.0000000000002 0.6
