31.847790000000007 2184.0000000000005 0.8421052631578947
32.134310000000006 1937.0000000000005 0.7647058823529411
31.847790000000007 2236.0000000000005 0.736842105263158
31.847790000000007 2275.0000000000005 0.5789473684210527
31.847790000000007 2262.0000000000005 0.6842105263157895
34.45741 1846.0000000000005 0.8125
34.45741 1820.0000000000005 0.875
32.73624 2388.0000000000005 0.38095238095238093
32.134310000000006 1989.0000000000005 0.7058823529411764
31.847790000000007 2210.0000000000005 0.7894736842105263
34.45741 1950.0000000000005 0.625
34.45741 1859.0000000000005 0.75
32.134310000000006 1924.0000000000005 0.8235294117647058
32.134310000000006 2119.0000000000005 0.5294117647058824
32.73624 2100.0000000000005 0.5263157894736843
32.73624 2052.0000000000005 0.5789473684210527
32.134310000000006 2002.0000000000005 0.6470588235294117
34.45741 1885.0000000000005 0.6875
32.73624 2136.0000000000005 0.4736842105263158
32.134310000000006 2028.0000000000005 0.5882352941176471
34.45741 1794.0000000000005 0.9375
