34.45741 1807.0000000000005 0.875
31.847790000000007 2574.0000000000005 0.5238095238095238
32.134310000000006 1911.0000000000005 0.9411764705882353
34.45741 1859.0000000000005 0.75
32.134310000000006 2119.0000000000005 0.5294117647058824
34.45741 1820.0000000000005 0.8125
32.134310000000006 2002.0000000000005 0.6470588235294117
32.134310000000006 2041.0000000000005 0.5882352941176471
32.134310000000006 1937.0000000000005 0.7647058823529411
32.73624 2064.0000000000005 0.5789473684210527
32.134310000000006 1976.0000000000005 0.7058823529411764
31.847790000000007 2366.0000000000005 0.5263157894736843
32.73624 2028.0000000000002 0.631578947368421
32.134310000000006 2288.0000000000005 0.5263157894736843
31.847790000000007 2262.0000000000005 0.5789473684210527
32.73624 2340.0000000000005 0.4285714285714286
34.45741 1950.0000000000005 0.625
34.45741 1885.0000000000005 0.6875
31.847790000000007 2184.0000000000005 0.7894736842105263
32.134310000000006 1924.0000000000005 0.8235294117647058
34.45741 1794.0000000000005 0.9375
31.847790000000007 2197.0000000000005 0.6842105263157895
32.134310000000006 2301.0000000000005 0.4736842105263158
32.73624 2088.0000000000005 0.5263157894736843
32.73624 2100.0000000000005 0.4736842105263158
31.847790000000007 2132.0000000000005 0.8421052631578947
