35.46426000000001 2483.0000000000005 0.4
34.45741 1807.0000000000005 0.875
31.847790000000007 2236.0000000000005 0.6842105263157895
31.847790000000007 2574.0000000000005 0.5238095238095238
32.73624 2064.0000000000005 0.5263157894736843
32.134310000000006 2054.0000000000005 0.5882352941176471
32.73624 2088.0000000000005 0.4736842105263158
32.134310000000006 2132.0000000000005 0.5294117647058824
34.45741 1846.0000000000005 0.75
32.134310000000006 1989.0000000000005 0.6470588235294117
31.847790000000007 2288.0000000000005 0.5789473684210527
31.847790000000007 2197.0000000000005 0.7894736842105263
32.134310000000006 1911.0000000000005 0.8823529411764706
32.73624 2040.0000000000002 0.5789473684210527
32.134310000000006 1963.0000000000005 0.7058823529411764
34.45741 1898.0000000000005 0.6875
32.134310000000006 1937.0000000000005 0.8235294117647058
31.847790000000007 2223.0000000000005 0.736842105263158
34.45741 1963.0000000000005 0.625
34.45741 1820.0000000000005 0.8125
32.134310000000006 2223.0000000000005 0.5
32.73624 2028.0000000000002 0.631578947368421
34.45741 1794.0000000000005 0.9375
31.847790000000007 2132.0000000000005 0.8421052631578947
32.134310000000006 2340.0000000000005 0.4736842105263158
