31.847790000000007 2288.0000000000005 0.5789473684210527
32.73624 2040.0000000000002 0.631578947368421
32.134310000000006 1963.0000000000005 0.7058823529411764
34.45741 1872.0000000000005 0.6875
31.847790000000007 2171.0000000000005 0.7894736842105263
35.46426000000001 2691.0000000000005 0.4545454545454546
31.847790000000007 2158.0000000000005 0.8947368421052632
31.847790000000007 2184.0000000000005 0.736842105263158
34.45741 1807.0000000000005 0.875
31.847790000000007 2262.0000000000005 0.631578947368421
34.45741 1794.0000000000005 0.9375
34.45741 1846.0000000000005 0.75
32.134310000000006 2054.0000000000005 0.5882352941176471
32.73624 2064.0000000000005 0.5789473684210527
31.847790000000007 2223.0000000000005 0.6842105263157895
32.134310000000006 2223.0000000000005 0.5
32.134310000000006 1885.0000000000005 0.9411764705882353
32.73624 2112.0000000000005 0.5263157894736843
34.45741 1963.0000000000005 0.625
32.134310000000006 1924.0000000000005 0.8235294117647058
31.847790000000007 2769.0000000000005 0.5454545454545454
32.134310000000006 2002.0000000000005 0.6470588235294117
32.73624 2124.0000000000005 0.4736842105263158
32.134310000000006 2119.0000000000005 0.5294117647058824
