38.00232 6108.000000000001 0.6296296296296297
24.252120000000005 5424.000000000001 0.84
31.349670000000003 4741.0 0.8333333333333334
24.252120000000005 5376.000000000001 0.88
34.19964000000001 5436.000000000001 0.6326530612244898
27.333600000000004 6024.000000000001 0.6415094339622642
26.953080000000007 5724.000000000001 0.6470588235294117
24.252120000000005 5460.000000000001 0.76
31.349670000000003 4785.0 0.75
26.650320000000008 5592.000000000001 0.6799999999999999
27.666430000000002 5049.0 0.803921568627451
29.223920000000007 4818.0 0.7291666666666667
26.953080000000007 5688.000000000001 0.6666666666666667
28.30355 5016.0 0.7647058823529411
27.249360000000006 5316.000000000001 0.7083333333333333
29.223920000000007 4950.0 0.6875
29.223920000000007 4763.0 0.7708333333333334
27.666430000000002 5148.0 0.7450980392156863
24.252120000000005 5436.000000000001 0.8200000000000001
24.252120000000005 5484.000000000001 0.74
27.666430000000002 5170.0 0.7254901960784313
28.050120000000003 5388.000000000001 0.6938775510204082
29.223920000000007 4884.0 0.7083333333333333
29.223920000000007 5005.0 0.6458333333333333
24.252120000000005 5544.000000000001 0.7
24.252120000000005 5604.000000000001 0.6799999999999999
29.223920000000007 4752.0 0.7916666666666666
27.666430000000002 5203.0 0.7058823529411764
28.050120000000003 5436.000000000001 0.653061224489796
27.249360000000006 5292.000000000001 0.7291666666666667
29.223920000000007 4994.0 0.6734693877551021
27.249360000000006 5244.000000000001 0.75
27.249360000000006 5220.000000000001 0.7916666666666666
26.650320000000008 5436.000000000001 0.7
29.223920000000007 4796.0 0.75
26.953080000000007 5292.000000000001 0.88
