28.050120000000003 5148.000000000001 0.7291666666666667
29.838 5184.000000000001 0.6458333333333333
28.050120000000003 5100.000000000001 0.7708333333333334
28.204080000000005 5172.000000000001 0.7083333333333333
28.050120000000003 5232.000000000001 0.6458333333333333
29.838 5280.000000000001 0.6041666666666667
29.838 5088.000000000001 0.75
28.050120000000003 5244.000000000001 0.625
28.050120000000003 5184.000000000001 0.6666666666666667
29.838 5124.000000000001 0.6666666666666667
29.838 5112.000000000001 0.7083333333333333
