24.252120000000005 5376.000000000001 0.88
27.333600000000004 6024.000000000001 0.6415094339622642
26.953080000000007 5724.000000000001 0.6470588235294117
29.223920000000007 4818.0 0.7291666666666667
28.30355 5016.0 0.7647058823529411
27.666430000000002 5148.0 0.7450980392156863
27.666430000000002 5170.0 0.7254901960784313
24.252120000000005 5544.000000000001 0.7
24.252120000000005 5604.000000000001 0.6799999999999999
27.666430000000002 5203.0 0.7058823529411764
28.050120000000003 5436.000000000001 0.653061224489796
26.650320000000008 5436.000000000001 0.7
24.252120000000005 5400.000000000001 0.86
24.632640000000006 5364.000000000001 0.86
24.252120000000005 5412.000000000001 0.8200000000000001
24.252120000000005 5448.000000000001 0.8
29.223920000000007 4895.0 0.6875
26.650320000000008 5376.000000000001 0.8
29.223920000000007 4840.0 0.7083333333333333
29.223920000000007 4752.0 0.7708333333333334
27.249360000000006 5220.000000000001 0.75
27.249360000000006 5256.000000000001 0.7291666666666667
31.349670000000003 4686.0 0.8125
29.223920000000007 4774.0 0.75
24.252120000000005 5460.000000000001 0.72
26.650320000000008 5400.000000000001 0.74
29.223920000000007 4697.0 0.7916666666666666
31.88064000000001 5532.000000000001 0.5918367346938775
24.632640000000006 5424.000000000001 0.74
25.289160000000006 5412.000000000001 0.74
29.223920000000007 4939.0 0.6458333333333333
31.738200000000003 5412.000000000001 0.6326530612244898
27.249360000000006 5208.000000000001 0.8085106382978724
27.666430000000002 5027.0 0.7647058823529411
24.632640000000006 5412.000000000001 0.8
29.838 5484.000000000001 0.6122448979591837
24.632640000000006 5400.000000000001 0.84
24.632640000000006 5508.000000000001 0.7
24.632640000000006 5592.000000000001 0.6799999999999999
28.221000000000007 4968.000000000001 0.8043478260869565
27.249360000000006 5184.000000000001 0.8297872340425532
24.632640000000006 5664.000000000001 0.6599999999999999
28.221000000000007 4944.000000000001 0.8913043478260869
27.249360000000006 5280.000000000001 0.6666666666666667
32.70984000000001 5292.000000000001 0.625
28.221000000000007 5124.000000000001 0.6956521739130435
27.249360000000006 5196.000000000001 0.8125
28.221000000000007 5040.000000000001 0.7608695652173914
28.369200000000006 5256.000000000001 0.6808510638297872
28.221000000000007 5052.000000000001 0.7173913043478262
26.953080000000007 5292.000000000001 0.88
