17.72606 2475.0 0.8
17.72606 2453.0 0.88
17.72606 2673.0 0.6153846153846154
19.63775 2530.0 0.5416666666666667
24.00013 2244.0 0.782608695652174
22.027829999999998 2409.0 0.5833333333333333
17.72606 2563.0 0.64
21.742929999999998 2420.0 0.5833333333333333
19.63775 2365.0 0.75
19.017130000000005 2530.0 0.6
17.90283 2387.0 0.7083333333333333
24.00013 2266.0 0.6086956521739131
17.90283 2343.0 0.7916666666666666
17.72606 2530.0 0.6799999999999999
17.72606 2497.0 0.72
21.742929999999998 2376.0 0.6666666666666667
24.00013 2255.0 0.7391304347826086
23.938970000000005 2354.0 0.7083333333333333
17.90283 2464.0 0.625
17.72606 2486.0 0.76
17.90283 2431.0 0.6666666666666667
23.938970000000005 2398.0 0.625
24.00013 2156.0 0.8260869565217391
20.07214 2299.0 0.75
19.5525 2332.0 0.8333333333333334
