22.873290000000004 2442.0 0.625
17.90283 2387.0 0.7916666666666666
17.90283 2420.0 0.75
17.90283 2431.0 0.6666666666666667
20.07214 2365.0 0.75
20.07214 2420.0 0.7083333333333333
19.757280000000005 2988.0000000000005 0.6153846153846154
22.027829999999998 2343.0 0.8333333333333334
20.07214 2354.0 0.7916666666666666
24.00013 2233.0 0.6956521739130435
22.873290000000004 2420.0 0.6666666666666667
24.00013 2200.0 0.8260869565217391
24.00013 2189.0 0.8695652173913043
23.883420000000005 2376.0 0.7083333333333333
23.883420000000005 2354.0 0.75
24.00013 2255.0 0.6086956521739131
22.873290000000004 2475.0 0.5833333333333333
24.00013 2211.0 0.782608695652174
25.083520000000004 2354.0 0.5652173913043479
