19.63775 2530.0 0.5416666666666667
22.027829999999998 2409.0 0.5833333333333333
24.00013 2266.0 0.6086956521739131
17.90283 2343.0 0.7916666666666666
23.938970000000005 2354.0 0.7083333333333333
23.938970000000005 2398.0 0.625
24.00013 2244.0 0.7391304347826086
21.742929999999998 2475.0 0.5416666666666667
17.72606 2464.0 0.72
19.63775 2343.0 0.75
24.00013 2255.0 0.6956521739130435
21.742929999999998 2409.0 0.625
17.90283 2420.0 0.5833333333333333
17.72606 2552.0 0.6
17.90283 2365.0 0.6666666666666667
17.72606 2508.0 0.64
17.72606 2453.0 0.84
24.00013 2156.0 0.8260869565217391
20.07214 2299.0 0.75
19.5525 2332.0 0.8333333333333334
