17.90283 1661.0000000000002 0.47058823529411764
17.521920000000005 1800.0000000000002 0.6470588235294117
17.521920000000005 1944.0000000000002 0.5294117647058824
17.72606 1496.0000000000002 0.75
17.90283 1452.0000000000002 0.6
17.521920000000005 1764.0000000000002 0.7058823529411764
17.72606 1540.0000000000002 0.625
17.72606 1760.0000000000002 0.5555555555555556
17.90283 1562.0000000000002 0.5333333333333333
17.521920000000005 1824.0000000000002 0.5882352941176471
17.72606 1694.0000000000002 0.5882352941176471
17.72606 1529.0000000000002 0.6875
17.90283 1408.0 0.6666666666666667
