17.521920000000005 1776.0000000000002 0.6470588235294117
17.90283 1606.0000000000002 0.5
17.521920000000005 1848.0000000000002 0.5294117647058824
24.03036 1848.0000000000002 0.47058823529411764
17.72606 1782.0000000000002 0.5
17.521920000000005 1764.0000000000002 0.7647058823529411
17.72606 1727.0000000000002 0.6111111111111112
17.521920000000005 1812.0000000000002 0.5882352941176471
17.72606 1507.0000000000002 0.6875
17.90283 1529.0000000000002 0.5333333333333333
17.521920000000005 2016.0000000000002 0.5263157894736843
17.72606 1551.0000000000002 0.625
17.90283 1430.0000000000002 0.6
17.90283 1397.0 0.6666666666666667
