27.3817 3620.0 0.6153846153846154
20.2101 3930.0 0.6904761904761905
21.1243 3220.0 0.8888888888888888
23.3751 3120.0 0.8571428571428572
27.3817 3560.0 0.631578947368421
24.865 3360.0 0.6666666666666667
22.460900000000002 3640.0 0.6923076923076923
24.865 3120.0 0.8285714285714285
20.2101 3750.0 0.8095238095238095
20.2101 3810.0 0.7380952380952381
21.1243 3360.0 0.75
23.3751 3220.0 0.7428571428571429
21.1243 3450.0 0.7297297297297297
21.1243 3890.0 0.7073170731707317
23.3751 3460.0 0.6842105263157895
21.1243 3250.0 0.8611111111111112
23.3751 3270.0 0.6944444444444444
21.1243 3590.0 0.7105263157894737
20.2101 3800.0 0.7619047619047619
23.3751 3150.0 0.8285714285714285
23.3751 3170.0 0.8
23.3751 3350.0 0.6857142857142857
21.1243 3260.0 0.7777777777777778
23.3751 3180.0 0.7714285714285715
24.865 3210.0 0.7428571428571429
24.865 3130.0 0.7777777777777778
24.865 3160.0 0.7714285714285715
24.865 3220.0 0.6944444444444444
