20.821499999999997 3710.0 0.7804878048780488
24.865 3390.0 0.7222222222222222
20.821499999999997 3640.0 0.825
20.2101 4090.0 0.7209302325581395
24.865 3560.0 0.6578947368421053
20.821499999999997 3590.0 0.85
24.865 3170.0 0.8333333333333334
20.821499999999997 3560.0 0.875
24.865 3220.0 0.75
24.865 3120.0 0.8611111111111112
20.821499999999997 3670.0 0.8
24.865 3440.0 0.7105263157894737
24.865 3510.0 0.6842105263157895
23.3751 3470.0 0.7297297297297297
21.1243 3450.0 0.736842105263158
21.1243 3290.0 0.75
20.2101 3720.0 0.8048780487804879
21.1243 3190.0 0.8888888888888888
20.2101 3850.0 0.7380952380952381
20.821499999999997 3930.0 0.7073170731707317
20.821499999999997 3760.0 0.7317073170731707
23.950800000000005 3540.0 0.7105263157894737
23.950800000000005 3600.0 0.6923076923076923
22.420299999999997 3520.0 0.7297297297297297
23.950800000000005 3850.0 0.6904761904761905
21.1243 3200.0 0.8055555555555556
22.460900000000002 3710.0 0.717948717948718
20.2101 3800.0 0.7619047619047619
24.865 3340.0 0.7297297297297297
21.1243 3240.0 0.7777777777777778
