27.3817 3620.0 0.6153846153846154
20.2101 3930.0 0.6904761904761905
24.865 3360.0 0.6666666666666667
20.2101 3810.0 0.7380952380952381
24.865 3220.0 0.6944444444444444
21.1243 3270.0 0.7222222222222222
21.1243 3410.0 0.6944444444444444
23.3751 3130.0 0.8285714285714285
22.4559 3550.0 0.6923076923076923
27.3817 3540.0 0.631578947368421
23.3751 3410.0 0.6571428571428571
20.2101 3890.0 0.7142857142857143
23.3751 3140.0 0.8
23.641000000000002 3600.0 0.631578947368421
23.3751 3110.0 0.8571428571428572
24.865 3160.0 0.7142857142857143
24.865 3440.0 0.6388888888888888
21.1243 3170.0 0.8055555555555556
23.3751 3160.0 0.7714285714285715
24.865 3240.0 0.6857142857142857
24.865 3080.0 0.7714285714285715
23.3751 3100.0 0.8857142857142857
19.426399999999997 3830.0 0.7560975609756098
23.3751 3170.0 0.7142857142857143
23.3751 3250.0 0.6857142857142857
19.426399999999997 3920.0 0.7317073170731707
19.426399999999997 3290.0 0.7837837837837838
21.1243 3120.0 0.8571428571428572
21.1243 3150.0 0.8285714285714285
19.426399999999997 3300.0 0.7777777777777778
21.1243 3220.0 0.7714285714285715
19.426399999999997 3390.0 0.7567567567567568
19.426399999999997 3270.0 0.8055555555555556
19.426399999999997 3220.0 0.8285714285714285
