19.20248 2695.0 0.7857142857142857
20.45296 2376.0 0.88
19.276400000000002 3267.0000000000005 0.6363636363636364
21.8427 3080.0000000000005 0.5
21.8427 2937.0000000000005 0.5517241379310345
19.276400000000002 3014.0000000000005 0.6551724137931034
19.20248 2673.0 0.8214285714285714
21.316680000000005 2970.0000000000005 0.5862068965517242
20.45296 2871.0000000000005 0.6071428571428572
21.316680000000005 2816.0 0.6071428571428572
20.45296 2541.0 0.6153846153846154
20.45296 2464.0 0.6799999999999999
20.45296 3212.0000000000005 0.5806451612903225
21.8427 3058.0000000000005 0.5333333333333333
19.20248 3146.0000000000005 0.6774193548387097
19.20248 2772.0 0.7142857142857143
19.20248 2728.0 0.75
20.45296 2420.0 0.72
20.45296 2387.0 0.76
19.20248 2860.0000000000005 0.6785714285714286
20.45296 2970.0000000000005 0.6
21.8427 2915.0000000000005 0.5862068965517242
39.5148 4511.000000000001 0.4722222222222222
21.90815 2354.0 0.92
