19.20248 2695.0 0.7857142857142857
20.45296 2376.0 0.88
21.8427 3080.0000000000005 0.5
21.8427 2937.0000000000005 0.5517241379310345
19.276400000000002 3014.0000000000005 0.6551724137931034
19.20248 2673.0 0.8214285714285714
20.45296 2541.0 0.6153846153846154
19.20248 3146.0000000000005 0.6774193548387097
20.45296 2420.0 0.72
20.45296 2387.0 0.76
19.276400000000002 3058.0000000000005 0.6333333333333333
19.20248 2717.0 0.7142857142857143
19.20248 2816.0 0.6785714285714286
21.8427 3256.0000000000005 0.46875
20.45296 2563.0 0.6
20.45296 2530.0 0.6538461538461539
21.316680000000005 2805.0 0.5714285714285714
20.45296 3080.0000000000005 0.5666666666666667
20.45296 3498.0000000000005 0.5294117647058824
20.45296 2453.0 0.6799999999999999
21.316680000000005 2992.0000000000005 0.5172413793103448
21.90815 2354.0 0.92
