23.0 4330.0 0.4565217391304348
18.700000000000003 4983.0 0.625
19.8 5324.0 0.5294117647058824
19.8 4477.0 0.7045454545454546
20.900000000000002 5093.0 0.5306122448979591
19.8 4499.0 0.6818181818181819
20.900000000000002 4851.0 0.5319148936170213
19.8 4631.0 0.5777777777777777
19.8 4785.0 0.5434782608695652
18.700000000000003 4884.0 0.6382978723404256
22.0 5049.0 0.5306122448979591
19.8 4521.0 0.6590909090909092
18.700000000000003 4796.0 0.6521739130434783
19.8 4972.0 0.5416666666666667
18.700000000000003 5005.0 0.6041666666666667
19.8 4543.0 0.6136363636363636
19.8 4532.0 0.6363636363636364
18.700000000000003 5049.0 0.5416666666666667
23.0 3920.0 0.6046511627906976
23.0 4060.0 0.4883720930232558
21.0 4250.0 0.6136363636363636
20.0 4420.0 0.5652173913043479
17.6 4719.0 0.7446808510638299
