18.700000000000003 5896.000000000001 0.5178571428571428
17.6 4807.0 0.6170212765957447
17.6 4719.0 0.7446808510638299
20.900000000000002 5357.0 0.5
19.8 4620.0 0.7333333333333334
17.6 4785.0 0.6808510638297872
18.700000000000003 5258.0 0.52
18.700000000000003 5467.0 0.5192307692307692
20.0 4420.0 0.5652173913043479
19.8 4642.0 0.6666666666666667
19.8 4631.0 0.7111111111111111
19.8 5082.0 0.5416666666666667
20.0 4430.0 0.5106382978723405
18.700000000000003 5038.0 0.5510204081632653
17.6 4906.0 0.5531914893617021
19.8 4741.0 0.5869565217391304
19.8 4686.0 0.6086956521739131
17.6 5368.0 0.5490196078431373
19.8 4829.0 0.574468085106383
20.0 4740.0 0.5098039215686274
17.6 4851.0 0.574468085106383
18.700000000000003 4840.0 0.5531914893617021
23.0 3920.0 0.6046511627906976
23.0 4060.0 0.4883720930232558
21.0 4250.0 0.6136363636363636
