23.0 4000.0 0.4651162790697675
23.0 3960.0 0.5116279069767442
17.0 3890.0 0.5581395348837209
16.0 4050.0 0.7045454545454546
20.900000000000002 4851.0 0.46808510638297873
16.0 4090.0 0.6136363636363636
19.0 4070.0 0.5348837209302326
17.0 4120.0 0.5
16.0 4190.0 0.5555555555555556
17.0 4050.0 0.5454545454545454
16.0 4240.0 0.48888888888888893
17.0 3860.0 0.6666666666666667
23.0 3970.0 0.4883720930232558
13.0 4200.0 0.6888888888888889
15.0 4100.0 0.75
15.0 4340.0 0.4782608695652174
17.0 4130.0 0.4883720930232558
