22.0 4360.0 0.4565217391304348
13.0 4290.0 0.6222222222222222
16.0 4470.0 0.4565217391304348
15.0 4100.0 0.75
17.0 3880.0 0.6428571428571428
23.0 3970.0 0.4883720930232558
19.0 4170.0 0.4772727272727273
17.0 4000.0 0.5348837209302326
13.0 4200.0 0.6888888888888889
13.0 4310.0 0.6
15.0 4220.0 0.5555555555555556
15.0 4130.0 0.5909090909090908
13.0 4270.0 0.6666666666666667
23.0 3960.0 0.6046511627906976
17.0 4110.0 0.5116279069767442
17.0 4130.0 0.4883720930232558
17.0 3990.0 0.6046511627906976
15.0 4340.0 0.4782608695652174
17.0 3970.0 0.6190476190476191
13.0 4330.0 0.5333333333333333
16.0 4110.0 0.5227272727272727
16.0 4240.0 0.48888888888888893
16.0 4060.0 0.6363636363636364
17.0 3860.0 0.6666666666666667
