23.0 4110.0 0.43181818181818177
15.0 4440.0 0.46808510638297873
17.0 3860.0 0.6666666666666667
23.0 3930.0 0.5476190476190477
17.0 3930.0 0.5714285714285714
15.0 4400.0 0.5319148936170213
16.0 4240.0 0.48888888888888893
15.0 4190.0 0.6222222222222222
15.0 4280.0 0.5652173913043479
16.0 4060.0 0.6363636363636364
17.0 4020.0 0.5116279069767442
17.0 3970.0 0.5238095238095238
16.0 4200.0 0.5555555555555556
16.0 4220.0 0.5111111111111111
16.0 4140.0 0.5681818181818181
16.0 4080.0 0.6136363636363636
15.0 4260.0 0.5777777777777777
17.0 3890.0 0.5952380952380952
16.0 4090.0 0.5909090909090908
17.0 3950.0 0.5476190476190477
17.0 3870.0 0.6190476190476191
23.0 3890.0 0.5714285714285714
23.0 4010.0 0.4883720930232558
