23.0 4040.0 0.4651162790697675
16.0 4040.0 0.6590909090909092
17.0 3870.0 0.6428571428571428
23.0 3880.0 0.5714285714285714
16.0 4070.0 0.6136363636363636
16.0 4220.0 0.5555555555555556
17.0 3970.0 0.5116279069767442
16.0 4120.0 0.5681818181818181
17.0 3900.0 0.5714285714285714
23.0 3960.0 0.5581395348837209
16.0 4240.0 0.48888888888888893
17.0 3860.0 0.6666666666666667
23.0 3970.0 0.4883720930232558
13.0 4200.0 0.6888888888888889
15.0 4100.0 0.75
15.0 4340.0 0.4782608695652174
17.0 4130.0 0.4883720930232558
