16.0 4420.0 0.4782608695652174
23.0 4260.0 0.4444444444444444
23.0 3970.0 0.5348837209302326
17.0 3880.0 0.5952380952380952
16.0 4070.0 0.6590909090909092
20.0 4370.0 0.4565217391304348
16.0 4290.0 0.5333333333333333
16.0 4090.0 0.6363636363636364
17.0 4020.0 0.5
17.0 3960.0 0.5476190476190477
16.0 4200.0 0.5555555555555556
16.0 4130.0 0.6136363636363636
17.0 3900.0 0.5714285714285714
23.0 4010.0 0.4883720930232558
16.0 4160.0 0.5681818181818181
23.0 4130.0 0.4651162790697675
16.0 4140.0 0.5909090909090908
