11.0 2244.0 0.40909090909090906
12.0 1920.0 0.7272727272727273
28.800000000000004 2652.0000000000005 0.3913043478260869
14.0 1860.0 0.6190476190476191
15.0 2140.0 0.4347826086956522
12.0 1940.0 0.6818181818181819
14.3 2189.0 0.4285714285714286
14.0 1880.0 0.5714285714285714
14.0 1910.0 0.5238095238095238
19.8 1881.0000000000002 0.4736842105263158
16.0 1890.0 0.4285714285714286
16.0 1710.0 0.7
14.0 1830.0 0.6666666666666667
11.0 1900.0 0.7727272727272727
14.0 1920.0 0.47619047619047616
11.0 1950.0 0.4545454545454546
