11.0 2255.0 0.40909090909090906
12.0 1910.0 0.6818181818181819
11.0 2330.0 0.375
19.8 2266.0 0.31818181818181823
18.0 2000.0 0.40909090909090906
12.100000000000001 2167.0 0.4285714285714286
16.0 1840.0 0.6190476190476191
11.0 1940.0 0.5454545454545454
16.0 1850.0 0.5238095238095238
19.8 1881.0000000000002 0.4736842105263158
16.0 1890.0 0.4285714285714286
16.0 1710.0 0.7
11.0 1900.0 0.7727272727272727
11.0 1950.0 0.4545454545454546
13.0 1860.0 0.5714285714285714
14.0 1790.0 0.6666666666666667
14.0 1910.0 0.47619047619047616
