19.8 2442.0 0.34782608695652173
16.0 1710.0 0.7
18.700000000000003 2409.0 0.3913043478260869
14.0 1850.0 0.5714285714285714
15.400000000000002 2200.0 0.40909090909090906
12.100000000000001 2288.0 0.40909090909090906
11.0 2354.0 0.4347826086956522
11.0 2035.0000000000002 0.5238095238095238
11.0 2024.0000000000002 0.5714285714285714
16.0 1820.0 0.5
12.100000000000001 2167.0 0.4285714285714286
14.0 1900.0 0.5238095238095238
16.0 1890.0 0.4285714285714286
12.0 1980.0 0.5
14.0 1830.0 0.6666666666666667
16.0 1770.0 0.55
11.0 2002.0000000000002 0.6190476190476191
11.0 2068.0 0.47619047619047616
19.8 1881.0000000000002 0.4736842105263158
12.0 2010.0 0.4545454545454546
14.0 1930.0 0.4285714285714286
12.0 1920.0 0.6363636363636364
