18.700000000000003 2519.0 0.375
16.0 1750.0 0.65
11.0 2651.0 0.42307692307692313
19.8 2310.0 0.3913043478260869
12.100000000000001 2486.0 0.41666666666666663
16.0 1770.0 0.55
11.0 2068.0 0.4285714285714286
18.700000000000003 2321.0 0.3913043478260869
15.400000000000002 2321.0 0.40909090909090906
14.0 1880.0 0.47619047619047616
14.0 1870.0 0.5238095238095238
12.0 1940.0 0.6363636363636364
16.0 1830.0 0.5
16.0 1760.0 0.6
16.0 1710.0 0.7
11.0 1900.0 0.7727272727272727
11.0 1950.0 0.4545454545454546
13.0 1860.0 0.5714285714285714
14.0 1790.0 0.6666666666666667
18.0 1820.0 0.4
13.0 1890.0 0.47619047619047616
