11.0 2332.0 0.4545454545454546
17.6 2277.0 0.36363636363636365
19.8 1837.0000000000002 0.5789473684210527
19.8 1958.0000000000002 0.42105263157894735
15.400000000000002 2046.0000000000002 0.44999999999999996
14.0 1850.0 0.6190476190476191
15.400000000000002 2178.0 0.38095238095238093
14.3 2255.0 0.40909090909090906
19.8 1881.0000000000002 0.4736842105263158
14.0 1930.0 0.5714285714285714
14.3 2200.0 0.4545454545454546
11.0 2046.0000000000002 0.5714285714285714
15.400000000000002 2101.0 0.4
12.0 1990.0 0.5454545454545454
14.0 1840.0 0.6666666666666667
14.0 1970.0 0.47619047619047616
11.0 2002.0000000000002 0.6190476190476191
12.0 1940.0 0.5909090909090908
11.0 2068.0 0.47619047619047616
