20.416550000000004 2805.0 0.6785714285714286
30.639960000000006 3492.0000000000005 0.5161290322580645
19.20248 2739.0 0.75
21.90815 2783.0 0.5925925925925926
19.276400000000002 3014.0000000000005 0.6333333333333333
21.8427 3025.0000000000005 0.5333333333333333
20.416550000000004 2717.0 0.7857142857142857
19.20248 2805.0 0.7142857142857143
20.416550000000004 2761.0 0.7142857142857143
20.45296 2508.0 0.64
19.20248 2926.0000000000005 0.6551724137931034
20.416550000000004 2695.0 0.8571428571428572
20.45296 2431.0 0.72
19.20248 2871.0000000000005 0.6896551724137931
21.316680000000005 2794.0 0.5925925925925926
20.416550000000004 2728.0 0.75
21.316680000000005 3025.0000000000005 0.5517241379310345
20.45296 2387.0 0.8
20.45296 2497.0 0.6799999999999999
21.8427 3003.0000000000005 0.5666666666666667
31.79604 3432.0000000000005 0.5161290322580645
19.20248 2794.0 0.7241379310344828
20.416550000000004 2706.0 0.8214285714285714
21.316680000000005 3036.0000000000005 0.5172413793103448
20.45296 2585.0 0.6
20.45296 2409.0 0.76
21.316680000000005 2849.0000000000005 0.5714285714285714
