32.552400000000006 2592.0000000000005 0.5217391304347826
19.757280000000005 2976.0000000000005 0.6666666666666667
25.083520000000004 2310.0 0.5652173913043479
21.676270000000002 2640.0 0.6538461538461539
19.757280000000005 2880.0000000000005 0.7777777777777778
23.938970000000005 2365.0 0.625
19.757280000000005 2904.0000000000005 0.6923076923076923
24.00013 2431.0 0.5652173913043479
24.00013 2222.0 0.7391304347826086
24.00013 2277.0 0.6086956521739131
22.027829999999998 2618.0 0.6
21.75972 2928.0000000000005 0.64
24.00013 2629.0 0.56
23.938970000000005 2343.0 0.7083333333333333
22.027829999999998 2530.0 0.64
21.676270000000002 2519.0 0.6799999999999999
22.027829999999998 2497.0 0.72
21.676270000000002 2508.0 0.72
24.00013 2266.0 0.6521739130434783
24.00013 2244.0 0.6956521739130435
24.00013 2156.0 0.8260869565217391
20.07214 2299.0 0.75
19.5525 2332.0 0.8333333333333334
17.90283 2343.0 0.7916666666666666
