24.00013 2233.0 0.782608695652174
24.00013 2255.0 0.6956521739130435
24.00013 2277.0 0.6086956521739131
23.883420000000005 2420.0 0.625
23.883420000000005 2409.0 0.6666666666666667
24.00013 2321.0 0.5652173913043479
23.363780000000006 2464.0 0.625
23.363780000000006 2486.0 0.5833333333333333
32.552400000000006 2868.0000000000005 0.52
23.363780000000006 2365.0 0.75
32.552400000000006 2616.0000000000005 0.5217391304347826
23.363780000000006 2420.0 0.6666666666666667
23.363780000000006 2376.0 0.7083333333333333
