25.083520000000004 2310.0 0.5652173913043479
23.938970000000005 2365.0 0.625
24.00013 2431.0 0.5652173913043479
24.00013 2222.0 0.7391304347826086
24.00013 2277.0 0.6086956521739131
24.00013 2629.0 0.56
23.938970000000005 2343.0 0.7083333333333333
23.938970000000005 2409.0 0.5833333333333333
17.90283 2475.0 0.5833333333333333
20.07214 2376.0 0.7083333333333333
17.90283 2739.0 0.5769230769230769
27.23017 2354.0 0.5217391304347826
20.07214 2431.0 0.625
17.90283 2398.0 0.7083333333333333
17.72606 2497.0 0.76
17.90283 2464.0 0.6666666666666667
17.72606 2574.0 0.6799999999999999
24.00013 2233.0 0.6521739130434783
17.72606 2475.0 0.8
17.72606 2739.0 0.6153846153846154
17.72606 2596.0 0.64
17.72606 2541.0 0.72
24.00013 2156.0 0.8260869565217391
20.07214 2299.0 0.75
19.5525 2332.0 0.8333333333333334
17.90283 2343.0 0.7916666666666666
