17.90283 1408.0 0.7333333333333334
17.521920000000005 2124.0000000000005 0.5789473684210527
17.521920000000005 1740.0000000000002 0.8235294117647058
17.90283 1859.0000000000002 0.4444444444444444
17.521920000000005 1836.0000000000002 0.5882352941176471
17.72606 1606.0000000000002 0.5625
17.72606 1584.0000000000002 0.625
17.72606 1518.0000000000002 0.6875
17.90283 1463.0000000000002 0.5333333333333333
17.90283 1430.0000000000002 0.6666666666666667
17.521920000000005 1788.0000000000002 0.7647058823529411
17.521920000000005 1812.0000000000002 0.6470588235294117
17.521920000000005 1800.0000000000002 0.7058823529411764
17.72606 1782.0000000000002 0.5555555555555556
17.90283 1397.0 0.8
17.90283 1507.0000000000002 0.4666666666666667
