17.90283 1408.0 0.7333333333333334
17.521920000000005 1740.0000000000002 0.8235294117647058
17.90283 1859.0000000000002 0.4444444444444444
17.72606 1606.0000000000002 0.5625
17.72606 1518.0000000000002 0.6875
17.90283 1463.0000000000002 0.5333333333333333
17.72606 1782.0000000000002 0.5555555555555556
17.90283 1441.0000000000002 0.6
17.72606 1562.0000000000002 0.625
17.521920000000005 1776.0000000000002 0.7058823529411764
17.72606 1826.0000000000002 0.5
17.521920000000005 1800.0000000000002 0.6470588235294117
17.72606 1507.0000000000002 0.75
17.521920000000005 1824.0000000000002 0.5882352941176471
17.521920000000005 1884.0000000000002 0.5294117647058824
17.90283 1419.0000000000002 0.6666666666666667
17.521920000000005 1932.0000000000002 0.47058823529411764
17.90283 1397.0 0.8
17.90283 1507.0000000000002 0.4666666666666667
