27.19896 5544.000000000001 0.6
18.595610000000004 4906.0 0.6666666666666667
19.276400000000002 5049.0 0.653061224489796
21.374650000000003 4994.0 0.625
19.276400000000002 4873.0 0.7083333333333333
24.28822 4466.0 0.7777777777777778
18.595610000000004 4719.0 0.7234042553191489
20.45296 4609.0 0.6521739130434783
20.494980000000005 5038.0 0.625
18.595610000000004 4620.0 0.7659574468085106
24.28822 4532.0 0.6888888888888889
20.45296 4488.0 0.7391304347826086
24.28822 4554.0 0.6222222222222222
24.28822 4477.0 0.7333333333333334
18.595610000000004 4477.0 0.8478260869565217
24.28822 4279.0 0.8409090909090909
20.45296 4466.0 0.8478260869565217
21.391150000000003 4411.0 0.8
