20.45296 4906.0 0.6666666666666667
18.595610000000004 4477.0 0.8478260869565217
24.28822 4400.0 0.7272727272727273
18.595610000000004 4554.0 0.6956521739130435
24.28822 4290.0 0.7954545454545454
20.24462 4532.0 0.7391304347826086
21.391150000000003 4620.0 0.6666666666666667
24.28822 4433.0 0.7045454545454546
18.595610000000004 4488.0 0.8043478260869565
21.391150000000003 4455.0 0.6888888888888889
24.28822 4312.0 0.75
19.19313 4587.0 0.6739130434782609
19.19313 4521.0 0.782608695652174
21.391150000000003 4389.0 0.7555555555555555
21.391150000000003 4906.0 0.625
21.26476 5258.0 0.6470588235294117
21.391150000000003 4653.0 0.6521739130434783
