20.45296 4609.0 0.6521739130434783
20.45296 4488.0 0.7391304347826086
24.28822 4554.0 0.6222222222222222
24.28822 4477.0 0.7333333333333334
20.45296 4521.0 0.6956521739130435
24.28822 4422.0 0.7555555555555555
20.494980000000005 4686.0 0.6304347826086957
20.494980000000005 4708.0 0.6086956521739131
24.28822 4411.0 0.7777777777777778
18.595610000000004 4576.0 0.7608695652173914
18.595610000000004 4488.0 0.8043478260869565
19.276400000000002 4851.0 0.6458333333333333
18.595610000000004 4609.0 0.7173913043478262
18.595610000000004 4587.0 0.7391304347826086
18.595610000000004 4620.0 0.6739130434782609
20.45296 5049.0 0.5918367346938775
20.45296 4840.0 0.6382978723404256
24.28822 4510.0 0.6888888888888889
18.595610000000004 4719.0 0.6521739130434783
18.595610000000004 4510.0 0.782608695652174
19.276400000000002 5060.0 0.6122448979591837
18.595610000000004 4477.0 0.8478260869565217
24.28822 4279.0 0.8409090909090909
20.45296 4466.0 0.8478260869565217
21.391150000000003 4411.0 0.8
