24.00013 2321.0 0.6086956521739131
23.883420000000005 2365.0 0.8333333333333334
23.363780000000006 2442.0 0.6666666666666667
24.00013 2266.0 0.6521739130434783
23.363780000000006 2398.0 0.7083333333333333
23.363780000000006 2387.0 0.75
24.00013 2233.0 0.782608695652174
23.363780000000006 2618.0 0.6
24.00013 2332.0 0.5652173913043479
24.00013 2244.0 0.7391304347826086
23.363780000000006 2376.0 0.7916666666666666
24.00013 2222.0 0.8695652173913043
24.00013 2387.0 0.5217391304347826
23.883420000000005 2431.0 0.625
23.363780000000006 2464.0 0.625
