23.392930000000003 2486.0 0.5
25.083520000000004 2409.0 0.5217391304347826
22.873290000000004 2541.0 0.5416666666666667
24.00013 2244.0 0.6521739130434783
24.00013 2255.0 0.5652173913043479
24.00013 2233.0 0.6956521739130435
23.883420000000005 2376.0 0.6666666666666667
23.883420000000005 2409.0 0.625
20.30809 2420.0 0.5833333333333333
19.5525 2398.0 0.6666666666666667
20.07214 2376.0 0.7083333333333333
23.883420000000005 2365.0 0.7083333333333333
17.90283 2442.0 0.6666666666666667
17.72606 2508.0 0.64
17.90283 2453.0 0.5833333333333333
17.90283 2431.0 0.7083333333333333
17.90283 2387.0 0.75
19.5525 2420.0 0.625
17.72606 2464.0 0.88
17.72606 2497.0 0.84
24.00013 2156.0 0.8260869565217391
20.07214 2299.0 0.75
19.5525 2332.0 0.8333333333333334
17.90283 2343.0 0.7916666666666666
