22.39796 1274.0000000000002 0.6363636363636364
22.39796 1157.0000000000002 1.0
22.39796 1352.0000000000002 0.5454545454545454
27.809860000000004 1209.0000000000002 0.5
27.809860000000004 1079.0000000000002 0.9
27.809860000000004 1157.0000000000002 0.6
22.39796 1170.0000000000002 0.9090909090909091
22.39796 1235.0000000000002 0.7272727272727273
27.809860000000004 1118.0000000000002 0.7
22.39796 1196.0000000000002 0.8181818181818181
27.809860000000004 1092.0000000000002 0.8
34.16387 1313.0000000000002 0.4545454545454546
