18.0 3130.0 0.3939393939393939
24.0 2980.0 0.48484848484848486
21.0 3110.0 0.4545454545454546
24.0 2940.0 0.5757575757575757
18.0 2980.0 0.5151515151515151
16.0 2980.0 0.5757575757575757
18.0 2970.0 0.6060606060606061
24.0 3030.0 0.4242424242424242
24.0 2960.0 0.5454545454545454
15.400000000000002 3927.0000000000005 0.4864864864864865
17.0 2670.0 0.8928571428571429
14.3 6138.000000000001 0.5593220338983051
16.0 2920.0 0.6666666666666667
16.0 2990.0 0.48484848484848486
15.0 3440.0 0.7222222222222222
