24.0 2890.0 0.6060606060606061
24.0 3080.0 0.4242424242424242
24.0 2950.0 0.5454545454545454
16.0 3020.0 0.5151515151515151
17.0 3000.0 0.5454545454545454
16.0 2990.0 0.5757575757575757
24.0 2960.0 0.5151515151515151
16.0 2960.0 0.6060606060606061
16.0 3010.0 0.5454545454545454
24.0 2940.0 0.5757575757575757
16.0 2930.0 0.6666666666666667
17.0 2810.0 0.7666666666666666
15.400000000000002 3927.0000000000005 0.4864864864864865
24.0 2990.0 0.48484848484848486
14.3 6303.000000000001 0.6
16.0 3030.0 0.4545454545454546
18.0 3020.0 0.48484848484848486
15.0 3560.0 0.736842105263158
