24.0 2910.0 0.6666666666666667
24.0 3000.0 0.4242424242424242
24.0 2940.0 0.5454545454545454
18.0 3020.0 0.48484848484848486
18.0 2930.0 0.5757575757575757
16.0 2950.0 0.6060606060606061
16.0 3000.0 0.5151515151515151
24.0 2970.0 0.5151515151515151
16.0 2980.0 0.5454545454545454
18.0 2990.0 0.5151515151515151
16.0 2930.0 0.6666666666666667
17.0 2810.0 0.7666666666666666
15.0 3570.0 0.7567567567567568
15.400000000000002 3927.0000000000005 0.4864864864864865
24.0 2990.0 0.48484848484848486
14.3 6303.000000000001 0.6
16.0 3030.0 0.4545454545454546
