18.0 2940.0 0.6363636363636364
24.0 3110.0 0.4242424242424242
24.0 3010.0 0.4545454545454546
18.0 2970.0 0.6060606060606061
16.0 2980.0 0.5757575757575757
17.0 2960.0 0.6363636363636364
17.0 3000.0 0.48484848484848486
24.0 2950.0 0.5454545454545454
17.0 2990.0 0.5454545454545454
16.0 2930.0 0.6666666666666667
15.400000000000002 3927.0000000000005 0.4864864864864865
24.0 2990.0 0.48484848484848486
15.0 3560.0 0.736842105263158
17.0 2670.0 0.8928571428571429
14.3 6138.000000000001 0.5593220338983051
16.0 3020.0 0.4545454545454546
