38.00232 5544.000000000001 0.5882352941176471
29.838 5688.000000000001 0.607843137254902
31.88064000000001 5268.000000000001 0.6875
28.050120000000003 5256.000000000001 0.7551020408163265
29.223920000000007 4950.0 0.6938775510204082
29.838 5340.000000000001 0.653061224489796
26.953080000000007 5676.000000000001 0.62
29.838 5616.000000000001 0.6274509803921569
28.050120000000003 5328.000000000001 0.6734693877551021
29.838 5460.000000000001 0.6326530612244898
26.953080000000007 5520.000000000001 0.7
29.223920000000007 4906.0 0.7142857142857143
26.953080000000007 5556.000000000001 0.6599999999999999
28.050120000000003 5292.000000000001 0.7346938775510203
29.223920000000007 4895.0 0.7551020408163265
26.953080000000007 5424.000000000001 0.74
28.050120000000003 5316.000000000001 0.7142857142857143
29.838 5280.000000000001 0.6734693877551021
28.050120000000003 5448.000000000001 0.653061224489796
31.349670000000003 4741.0 0.8333333333333334
27.249360000000006 5220.000000000001 0.7916666666666666
27.666430000000002 5049.0 0.803921568627451
29.223920000000007 4752.0 0.7916666666666666
28.30355 5016.0 0.7647058823529411
24.252120000000005 5376.000000000001 0.88
24.632640000000006 5364.000000000001 0.8
26.953080000000007 5232.000000000001 0.7755102040816326
