29.950320000000005 5028.000000000001 0.7872340425531915
29.838 5148.000000000001 0.6875
29.950320000000005 5268.000000000001 0.6382978723404256
26.953080000000007 5352.000000000001 0.88
28.204080000000005 5124.000000000001 0.75
28.050120000000003 5316.000000000001 0.6458333333333333
26.953080000000007 5556.000000000001 0.6599999999999999
26.953080000000007 5412.000000000001 0.78
26.953080000000007 5460.000000000001 0.72
29.950320000000005 5124.000000000001 0.7021276595744681
26.953080000000007 5532.000000000001 0.6799999999999999
28.050120000000003 5160.000000000001 0.7708333333333334
28.204080000000005 5328.000000000001 0.625
26.953080000000007 5424.000000000001 0.76
28.050120000000003 5280.000000000001 0.6666666666666667
28.050120000000003 5196.000000000001 0.7291666666666667
29.838 5256.000000000001 0.6458333333333333
29.838 5184.000000000001 0.6666666666666667
28.050120000000003 5148.000000000001 0.7916666666666666
28.204080000000005 5268.000000000001 0.6666666666666667
29.950320000000005 5064.000000000001 0.7446808510638299
28.204080000000005 5232.000000000001 0.6875
29.950320000000005 5220.000000000001 0.6595744680851063
28.204080000000005 5292.000000000001 0.6458333333333333
26.953080000000007 5484.000000000001 0.7
29.950320000000005 5160.000000000001 0.6808510638297872
26.953080000000007 5760.000000000001 0.62
28.050120000000003 5256.000000000001 0.7083333333333333
28.204080000000005 5160.000000000001 0.7291666666666667
26.953080000000007 5376.000000000001 0.8200000000000001
29.838 5400.000000000001 0.6041666666666667
27.333600000000004 5736.000000000001 0.6470588235294117
28.050120000000003 5436.000000000001 0.6326530612244898
26.953080000000007 5400.000000000001 0.8
