26.953080000000007 5676.000000000001 0.62
28.050120000000003 5328.000000000001 0.6734693877551021
26.953080000000007 5556.000000000001 0.6599999999999999
26.953080000000007 5424.000000000001 0.74
28.050120000000003 5436.000000000001 0.653061224489796
28.050120000000003 5280.000000000001 0.7142857142857143
29.223920000000007 4840.0 0.7755102040816326
28.050120000000003 5256.000000000001 0.7346938775510203
29.223920000000007 4906.0 0.6938775510204082
29.223920000000007 5027.0 0.5714285714285714
29.223920000000007 4961.0 0.653061224489796
28.557600000000008 5400.000000000001 0.6326530612244898
26.953080000000007 5592.000000000001 0.64
28.050120000000003 5532.000000000001 0.5918367346938775
29.223920000000007 4884.0 0.7142857142857143
26.953080000000007 5460.000000000001 0.6799999999999999
31.349670000000003 4741.0 0.8333333333333334
27.249360000000006 5220.000000000001 0.7916666666666666
27.666430000000002 5049.0 0.803921568627451
29.223920000000007 4752.0 0.7916666666666666
28.30355 5016.0 0.7647058823529411
24.252120000000005 5376.000000000001 0.88
24.632640000000006 5364.000000000001 0.8
26.953080000000007 5232.000000000001 0.7755102040816326
