19.8 5412.0 0.607843137254902
19.8 4862.0 0.6382978723404256
20.900000000000002 5060.0 0.5510204081632653
19.8 5291.0 0.6274509803921569
23.1 4796.0 0.6956521739130435
26.400000000000002 4697.0 0.5333333333333333
28.6 4785.0 0.5106382978723405
22.0 5005.0 0.5918367346938775
31.900000000000002 4587.0 0.5555555555555556
28.6 4609.0 0.5555555555555556
20.900000000000002 4928.0 0.6041666666666667
30.800000000000004 4411.0 0.6046511627906976
23.1 4950.0 0.5957446808510638
30.800000000000004 4543.0 0.5777777777777777
26.400000000000002 4983.0 0.5106382978723405
22.0 4972.0 0.5957446808510638
23.1 4961.0 0.5833333333333333
29.700000000000003 4928.0 0.4893617021276596
17.6 4873.0 0.7446808510638299
19.8 4741.0 0.7021276595744681
29.700000000000003 4301.0 0.6666666666666667
26.400000000000002 4367.0 0.6976744186046512
25.3 4422.0 0.5813953488372092
20.900000000000002 4631.0 0.7333333333333334
