23.0 4350.0 0.4782608695652174
23.0 3970.0 0.5581395348837209
17.6 4895.0 0.574468085106383
17.6 4543.0 0.7272727272727273
23.0 4270.0 0.5111111111111111
21.0 4290.0 0.5652173913043479
17.6 4763.0 0.6304347826086957
18.700000000000003 4466.0 0.6590909090909092
20.0 4210.0 0.5681818181818181
20.0 4110.0 0.7272727272727273
17.6 4620.0 0.7045454545454546
17.6 4653.0 0.6666666666666667
18.700000000000003 4455.0 0.7272727272727273
23.0 4030.0 0.5348837209302326
17.6 4862.0 0.5957446808510638
18.700000000000003 4488.0 0.6136363636363636
23.0 4300.0 0.48888888888888893
23.0 4180.0 0.5227272727272727
18.700000000000003 4565.0 0.5454545454545454
20.0 4120.0 0.5909090909090908
20.0 4530.0 0.47916666666666663
