38.5 4609.0 0.5227272727272727
17.6 5390.0 0.6274509803921569
29.700000000000003 4796.0 0.4782608695652174
22.0 5049.0 0.5208333333333333
18.700000000000003 5148.0 0.64
17.6 5335.0 0.6666666666666667
19.8 4972.0 0.625
20.900000000000002 4928.0 0.5416666666666667
35.2 4763.0 0.5217391304347826
28.6 4697.0 0.5652173913043479
19.8 4851.0 0.6382978723404256
30.800000000000004 4598.0 0.5434782608695652
19.8 5049.0 0.6041666666666667
18.700000000000003 5115.0 0.7346938775510203
20.900000000000002 4752.0 0.5869565217391304
19.8 5093.0 0.5714285714285714
18.700000000000003 5346.0 0.6274509803921569
29.700000000000003 4686.0 0.5434782608695652
29.700000000000003 4444.0 0.5681818181818181
29.700000000000003 4543.0 0.5454545454545454
22.0 4697.0 0.6521739130434783
29.700000000000003 4785.0 0.5333333333333333
19.8 4752.0 0.6521739130434783
26.400000000000002 4741.0 0.5652173913043479
17.6 4873.0 0.7446808510638299
19.8 4741.0 0.7021276595744681
29.700000000000003 4301.0 0.6666666666666667
26.400000000000002 4367.0 0.6976744186046512
25.3 4422.0 0.5813953488372092
20.900000000000002 4631.0 0.7333333333333334
