36.300000000000004 5148.0 0.4693877551020408
29.700000000000003 4389.0 0.7906976744186046
17.6 4873.0 0.7446808510638299
20.900000000000002 5214.0 0.5714285714285714
19.8 4829.0 0.6382978723404256
35.2 4499.0 0.5454545454545454
26.400000000000002 4411.0 0.5813953488372092
23.1 4774.0 0.6382978723404256
31.900000000000002 4598.0 0.5555555555555556
33.0 4906.0 0.5208333333333333
22.0 5060.0 0.6122448979591837
17.6 4972.0 0.6170212765957447
29.700000000000003 4928.0 0.4893617021276596
20.900000000000002 5126.0 0.5918367346938775
29.700000000000003 4708.0 0.5555555555555556
23.1 4719.0 0.7021276595744681
28.6 4862.0 0.5217391304347826
33.0 4807.0 0.5319148936170213
26.400000000000002 4719.0 0.5652173913043479
29.700000000000003 4400.0 0.7209302325581395
19.8 4741.0 0.7021276595744681
29.700000000000003 4543.0 0.5581395348837209
26.400000000000002 4642.0 0.5777777777777777
22.0 5093.0 0.5714285714285714
28.6 4609.0 0.5681818181818181
23.1 4873.0 0.574468085106383
23.1 4972.0 0.5714285714285714
29.700000000000003 4730.0 0.5434782608695652
26.400000000000002 4763.0 0.5434782608695652
