29.700000000000003 4301.0 0.6666666666666667
19.8 4961.0 0.6458333333333333
20.900000000000002 4631.0 0.7333333333333334
30.800000000000004 4367.0 0.627906976744186
20.900000000000002 4840.0 0.6521739130434783
25.3 4455.0 0.5581395348837209
28.6 4587.0 0.5555555555555556
23.1 4730.0 0.5
29.700000000000003 4532.0 0.5227272727272727
23.1 4642.0 0.6818181818181819
19.8 5027.0 0.5833333333333333
22.0 4708.0 0.5777777777777777
29.700000000000003 4334.0 0.6428571428571428
30.800000000000004 4389.0 0.5348837209302326
22.0 4653.0 0.6
26.400000000000002 4675.0 0.5333333333333333
26.400000000000002 4598.0 0.5555555555555556
26.400000000000002 4411.0 0.6046511627906976
25.3 4422.0 0.5813953488372092
26.400000000000002 4367.0 0.6976744186046512
22.0 4730.0 0.5555555555555556
29.700000000000003 4928.0 0.4893617021276596
17.6 4873.0 0.7446808510638299
19.8 4741.0 0.7021276595744681
