37.400000000000006 5060.0 0.4693877551020408
17.6 5632.0 0.7307692307692308
20.900000000000002 5467.0 0.5576923076923077
20.900000000000002 5225.0 0.5800000000000001
30.800000000000004 4796.0 0.5106382978723405
18.700000000000003 5192.0 0.7
26.400000000000002 4741.0 0.5652173913043479
29.700000000000003 4752.0 0.5531914893617021
22.0 5005.0 0.5306122448979591
23.1 4895.0 0.5957446808510638
19.8 4818.0 0.6595744680851063
20.900000000000002 4906.0 0.625
23.1 4631.0 0.6444444444444444
30.800000000000004 4609.0 0.5434782608695652
19.8 4950.0 0.5957446808510638
22.0 4884.0 0.6170212765957447
22.0 4972.0 0.5416666666666667
20.900000000000002 5071.0 0.5918367346938775
22.0 4906.0 0.5957446808510638
23.1 4763.0 0.6086956521739131
29.700000000000003 4730.0 0.5652173913043479
38.5 4763.0 0.5333333333333333
23.1 4928.0 0.5625
29.700000000000003 4763.0 0.5434782608695652
22.0 4763.0 0.6521739130434783
38.5 4554.0 0.5454545454545454
29.700000000000003 4928.0 0.4893617021276596
17.6 4873.0 0.7446808510638299
19.8 4741.0 0.7021276595744681
29.700000000000003 4301.0 0.6666666666666667
26.400000000000002 4367.0 0.6976744186046512
25.3 4422.0 0.5813953488372092
20.900000000000002 4631.0 0.7333333333333334
