17.0 2000.0 0.40909090909090906
14.0 1790.0 0.6666666666666667
14.0 1860.0 0.5238095238095238
11.0 1920.0 0.5454545454545454
11.0 2010.0 0.40909090909090906
11.0 2270.0 0.33333333333333337
11.0 1890.0 0.7727272727272727
16.0 1800.0 0.6190476190476191
11.0 1900.0 0.6363636363636364
14.0 1830.0 0.6190476190476191
11.0 1940.0 0.5
11.0 2020.0 0.36363636363636365
19.8 1881.0000000000002 0.4736842105263158
16.0 1890.0 0.4285714285714286
16.0 1710.0 0.7
14.0 1920.0 0.47619047619047616
11.0 1950.0 0.4545454545454546
13.0 1860.0 0.5714285714285714
