19.8 2442.0 0.34782608695652173
16.0 1710.0 0.7
14.0 1850.0 0.5714285714285714
11.0 2035.0000000000002 0.5238095238095238
11.0 2024.0000000000002 0.5714285714285714
12.0 1980.0 0.5
14.0 1830.0 0.6666666666666667
14.0 1840.0 0.6190476190476191
12.0 1960.0 0.5454545454545454
14.0 1880.0 0.5238095238095238
19.8 2332.0 0.36363636363636365
16.0 1850.0 0.4285714285714286
16.0 1720.0 0.6
11.0 2068.0 0.4285714285714286
16.0 1770.0 0.5
11.0 2090.0 0.38095238095238093
11.0 2002.0000000000002 0.6190476190476191
12.0 2010.0 0.4545454545454546
14.0 1930.0 0.4285714285714286
12.0 1920.0 0.6363636363636364
