16.0 1770.0 0.55
11.0 2068.0 0.4285714285714286
14.0 1880.0 0.47619047619047616
14.0 1870.0 0.5238095238095238
16.0 1760.0 0.6
11.0 2450.0 0.4
16.0 1730.0 0.65
14.0 1840.0 0.6190476190476191
17.6 2310.0 0.36363636363636365
12.0 1920.0 0.6818181818181819
12.0 1930.0 0.6363636363636364
15.400000000000002 2222.0 0.40909090909090906
16.0 1810.0 0.44999999999999996
18.700000000000003 2288.0 0.3913043478260869
16.0 1970.0 0.4285714285714286
16.0 1710.0 0.7
11.0 1900.0 0.7727272727272727
11.0 1950.0 0.4545454545454546
13.0 1860.0 0.5714285714285714
14.0 1790.0 0.6666666666666667
18.0 1820.0 0.4
13.0 1890.0 0.47619047619047616
