17.6 2277.0 0.36363636363636365
12.0 1990.0 0.5454545454545454
15.0 2040.0 0.40909090909090906
18.0 1970.0 0.4545454545454546
11.0 2024.0000000000002 0.5714285714285714
18.0 1950.0 0.5454545454545454
14.0 1970.0 0.47619047619047616
12.0 2000.0 0.5
14.0 1820.0 0.6666666666666667
11.0 2057.0 0.47619047619047616
14.0 1960.0 0.5238095238095238
19.8 1903.0000000000002 0.42105263157894735
14.0 1840.0 0.5714285714285714
19.8 1848.0000000000002 0.4736842105263158
18.0 1800.0 0.55
11.0 2079.0 0.38095238095238093
11.0 2002.0000000000002 0.6190476190476191
12.0 1940.0 0.5909090909090908
