11.0 2189.0 0.31818181818181823
12.100000000000001 2145.0 0.38095238095238093
14.0 1820.0 0.5714285714285714
14.0 1870.0 0.5238095238095238
12.100000000000001 2134.0 0.4285714285714286
12.0 1930.0 0.6818181818181819
14.3 2068.0 0.4285714285714286
12.0 1910.0 0.7272727272727273
19.8 1881.0000000000002 0.4736842105263158
16.0 1890.0 0.4285714285714286
16.0 1710.0 0.7
11.0 1900.0 0.7727272727272727
11.0 1950.0 0.4545454545454546
13.0 1860.0 0.5714285714285714
14.0 1790.0 0.6666666666666667
14.0 1910.0 0.47619047619047616
