11.0 2244.0 0.40909090909090906
14.0 1880.0 0.5714285714285714
14.0 1910.0 0.5238095238095238
14.3 2134.0 0.38095238095238093
12.0 1910.0 0.6363636363636364
12.100000000000001 2222.0 0.4285714285714286
14.0 1850.0 0.6190476190476191
14.3 2068.0 0.4285714285714286
18.700000000000003 2354.0 0.30434782608695654
19.8 1881.0000000000002 0.4736842105263158
16.0 1890.0 0.4285714285714286
16.0 1710.0 0.7
14.0 1830.0 0.6666666666666667
11.0 1900.0 0.7727272727272727
14.0 1920.0 0.47619047619047616
11.0 1950.0 0.4545454545454546
