19.8 2266.0 0.31818181818181823
18.0 2000.0 0.40909090909090906
16.0 1850.0 0.5238095238095238
14.0 1840.0 0.6190476190476191
11.0 2110.0 0.3913043478260869
16.0 1880.0 0.47619047619047616
11.0 2130.0 0.34782608695652173
14.0 2060.0 0.38095238095238093
11.0 1910.0 0.5454545454545454
14.0 2020.0 0.4285714285714286
11.0 1900.0 0.5909090909090908
19.8 1881.0000000000002 0.4736842105263158
16.0 1890.0 0.4285714285714286
16.0 1710.0 0.7
11.0 1950.0 0.4545454545454546
13.0 1860.0 0.5714285714285714
14.0 1790.0 0.6666666666666667
14.0 1910.0 0.47619047619047616
