11.0 2150.0 0.34782608695652173
13.0 1950.0 0.38095238095238093
11.0 1940.0 0.5454545454545454
18.0 1830.0 0.4
11.0 1900.0 0.6363636363636364
18.0 1800.0 0.44999999999999996
18.0 1790.0 0.5
13.0 1920.0 0.4285714285714286
14.0 2010.0 0.33333333333333337
11.0 1930.0 0.5909090909090908
18.0 1870.0 0.35
13.0 2090.0 0.33333333333333337
18.0 1750.0 0.55
16.0 1710.0 0.7
11.0 1950.0 0.4545454545454546
13.0 1860.0 0.5714285714285714
14.0 1790.0 0.6666666666666667
13.0 1890.0 0.47619047619047616
14.0 1880.0 0.47619047619047616
