11.0 1920.0 0.5
11.0 2070.0 0.36363636363636365
15.400000000000002 2035.0000000000002 0.4
11.0 1960.0 0.4545454545454546
12.100000000000001 2057.0 0.38095238095238093
15.400000000000002 2574.0 0.36
11.0 1900.0 0.5909090909090908
14.0 1920.0 0.47619047619047616
14.0 1820.0 0.6666666666666667
11.0 2020.0 0.40909090909090906
14.0 1850.0 0.5714285714285714
14.0 1860.0 0.5238095238095238
19.8 1881.0000000000002 0.4736842105263158
14.0 1930.0 0.4285714285714286
16.0 1890.0 0.4285714285714286
16.0 1710.0 0.7
