17.521920000000005 2064.0000000000005 0.6315789473684212
17.521920000000005 2088.0000000000005 0.568421052631579
17.521920000000005 1764.0000000000002 0.8470588235294119
17.90283 1408.0 0.8066666666666668
20.979640000000003 1705.0000000000002 0.45294117647058824
22.027829999999998 1694.0000000000002 0.5823529411764706
17.90283 1727.0000000000002 0.5823529411764706
17.521920000000005 1848.0000000000002 0.6352941176470589
17.72606 1507.0000000000002 0.7562500000000001
17.72606 1606.0000000000002 0.6875
17.521920000000005 1776.0000000000002 0.7058823529411766
17.90283 1463.0000000000002 0.66
17.90283 1430.0000000000002 0.7333333333333335
17.72606 1760.0000000000002 0.6111111111111112
17.90283 1639.0000000000002 0.61875
