17.90283 1408.0 0.7333333333333335
17.521920000000005 2052.0000000000005 0.6947368421052633
17.521920000000005 1776.0000000000002 0.9882352941176472
17.90283 1628.0000000000002 0.5823529411764706
17.521920000000005 2244.0000000000005 0.54
17.90283 1485.0000000000002 0.66
17.72606 1793.0000000000002 0.55
17.521920000000005 1740.0000000000002 1.058823529411765
17.72606 1507.0000000000002 0.7562500000000001
17.521920000000005 2064.0000000000005 0.6315789473684212
17.521920000000005 1848.0000000000002 0.7764705882352941
17.521920000000005 1788.0000000000002 0.8470588235294119
17.521920000000005 1908.0000000000002 0.7058823529411766
17.72606 1749.0000000000002 0.6111111111111112
17.72606 1562.0000000000002 0.6875
