20.45296 2365.0 0.8
30.639960000000006 3444.0000000000005 0.4516129032258065
21.8427 3091.0000000000005 0.5333333333333333
21.316680000000005 2684.0 0.5555555555555556
21.8427 3135.0000000000005 0.4838709677419355
20.45296 2486.0 0.6
20.45296 2464.0 0.64
20.45296 2904.0000000000005 0.5357142857142857
21.316680000000005 2893.0000000000005 0.5517241379310345
20.45296 2387.0 0.76
20.45296 2420.0 0.72
21.8427 3113.0000000000005 0.5161290322580645
21.569020000000002 3124.0000000000005 0.5161290322580645
13.593029999999999 2420.0 0.76
20.45296 2343.0 0.92
21.90815 3003.0000000000005 0.48275862068965514
