35.596210000000006 4589.000000000001 0.6578947368421053
23.31168 4944.000000000001 0.7272727272727273
21.36904 3509.0000000000005 0.8888888888888888
29.838 4236.000000000001 0.6842105263157895
21.36904 3597.0000000000005 0.7777777777777778
21.36904 3773.0000000000005 0.736842105263158
21.36904 3531.0000000000005 0.8333333333333334
25.349160000000005 3912.0000000000005 0.7222222222222222
25.349160000000005 4068.0000000000005 0.7027027027027026
26.947080000000003 4404.000000000001 0.7
24.252120000000005 4752.000000000001 0.7209302325581395
28.050120000000003 4452.000000000001 0.675
28.74096000000001 4836.000000000001 0.6590909090909092
28.369200000000006 4284.000000000001 0.6666666666666667
24.252120000000005 4800.000000000001 0.7045454545454546
26.947080000000003 4524.000000000001 0.6829268292682926
