24.252120000000005 4800.000000000001 0.7142857142857143
25.349160000000005 3828.0000000000005 0.8055555555555556
24.252120000000005 4548.000000000001 0.8095238095238095
25.349160000000005 3780.0000000000005 0.8333333333333334
25.349160000000005 3792.0000000000005 0.8285714285714285
36.08618 4992.000000000001 0.6666666666666667
25.349160000000005 3948.0000000000005 0.75
24.252120000000005 4572.000000000001 0.7857142857142857
29.838 4140.000000000001 0.7027027027027026
25.475400000000004 4992.000000000001 0.7045454545454546
25.349160000000005 3768.0000000000005 0.9142857142857143
34.14931 5863.000000000001 0.6666666666666667
25.349160000000005 3852.0000000000005 0.7777777777777778
24.252120000000005 4524.000000000001 0.8571428571428572
24.252120000000005 4644.000000000001 0.7380952380952381
24.252120000000005 4680.000000000001 0.7209302325581395
24.252120000000005 4608.000000000001 0.7619047619047619
25.349160000000005 3996.0000000000005 0.7222222222222222
41.169180000000004 4810.000000000001 0.641025641025641
36.08618 5317.000000000001 0.6590909090909092
25.349160000000005 4104.000000000001 0.7105263157894737
28.050120000000003 4164.000000000001 0.6756756756756757
26.953080000000007 4644.000000000001 0.7073170731707317
