21.36904 3542.0000000000005 0.7777777777777778
25.349160000000005 4128.000000000001 0.6388888888888888
21.36904 3652.0000000000005 0.7222222222222222
21.36904 3487.0000000000005 0.9166666666666666
35.596210000000006 4940.000000000001 0.625
21.36904 3806.0000000000005 0.6842105263157895
41.169180000000004 4862.000000000001 0.625
21.36904 4026.0000000000005 0.6666666666666667
21.36904 3498.0000000000005 0.8611111111111112
22.976910000000004 3421.0000000000005 0.7941176470588236
22.976910000000004 3333.0000000000005 0.8529411764705882
21.36904 3509.0000000000005 0.8333333333333334
