34.45741 1924.0000000000005 0.625
31.847790000000007 2340.0000000000005 0.5789473684210527
31.847790000000007 2210.0000000000005 0.6842105263157895
32.134310000000006 1937.0000000000005 0.8235294117647058
31.847790000000007 2184.0000000000005 0.736842105263158
32.134310000000006 1976.0000000000005 0.7058823529411764
31.847790000000007 2288.0000000000005 0.631578947368421
32.134310000000006 1963.0000000000005 0.7647058823529411
34.45741 1833.0000000000005 0.75
31.847790000000007 2171.0000000000005 0.8947368421052632
32.73624 2088.0000000000005 0.4736842105263158
32.73624 2340.0000000000005 0.4285714285714286
34.45741 1807.0000000000005 0.875
34.45741 1781.0000000000005 0.9375
32.134310000000006 2002.0000000000005 0.6470588235294117
32.134310000000006 1911.0000000000005 0.9411764705882353
31.847790000000007 2392.0000000000005 0.5263157894736843
32.73624 2064.0000000000005 0.5263157894736843
32.134310000000006 2028.0000000000005 0.5882352941176471
32.73624 2040.0000000000002 0.5789473684210527
32.134310000000006 2041.0000000000005 0.5294117647058824
34.45741 1898.0000000000005 0.6875
