35.596210000000006 4732.000000000001 0.625
23.384130000000003 4576.0 0.7045454545454546
35.596210000000006 4719.000000000001 0.65
29.838 3852.0000000000005 0.8055555555555556
25.475400000000004 4332.000000000001 0.6666666666666667
28.050120000000003 4032.0000000000005 0.7222222222222222
28.050120000000003 4176.000000000001 0.7105263157894737
35.596210000000006 4511.000000000001 0.6578947368421053
24.706990000000005 4312.0 0.7380952380952381
23.384130000000003 4268.0 0.7619047619047619
25.349160000000005 3864.0000000000005 0.8611111111111112
23.384130000000003 4345.0 0.7441860465116279
23.384130000000003 4092.0000000000005 0.8292682926829268
29.838 4032.0000000000005 0.6944444444444444
23.384130000000003 4103.0 0.7804878048780488
29.838 3864.0000000000005 0.75
25.349160000000005 3888.0000000000005 0.8055555555555556
23.384130000000003 4081.0000000000005 0.8780487804878049
25.349160000000005 3948.0000000000005 0.7777777777777778
25.349160000000005 4248.000000000001 0.7105263157894737
25.349160000000005 3972.0000000000005 0.75
25.349160000000005 4092.0000000000005 0.7297297297297297
21.36904 3509.0000000000005 0.8888888888888888
