25.349160000000005 3852.0000000000005 0.8333333333333334
25.349160000000005 3972.0000000000005 0.6944444444444444
28.74096000000001 4368.000000000001 0.675
35.596210000000006 4693.000000000001 0.641025641025641
24.252120000000005 4728.000000000001 0.7073170731707317
25.349160000000005 3864.0000000000005 0.8055555555555556
24.252120000000005 4596.000000000001 0.7317073170731707
25.349160000000005 3888.0000000000005 0.75
25.349160000000005 3780.0000000000005 0.8611111111111112
25.349160000000005 3960.0000000000005 0.7222222222222222
24.252120000000005 4452.000000000001 0.7804878048780488
24.252120000000005 4332.000000000001 0.8048780487804879
24.252120000000005 4524.000000000001 0.7560975609756098
29.838 4152.000000000001 0.6842105263157895
25.349160000000005 3876.0000000000005 0.7777777777777778
24.252120000000005 4668.000000000001 0.7142857142857143
32.88974 5486.000000000001 0.6666666666666667
