35.596210000000006 4732.000000000001 0.625
35.596210000000006 4719.000000000001 0.65
25.475400000000004 4332.000000000001 0.6666666666666667
35.596210000000006 4511.000000000001 0.6578947368421053
29.838 4032.0000000000005 0.6944444444444444
23.384130000000003 4103.0 0.7804878048780488
29.838 3864.0000000000005 0.75
25.349160000000005 3888.0000000000005 0.8055555555555556
23.384130000000003 4059.0000000000005 0.8292682926829268
25.349160000000005 4092.0000000000005 0.7027027027027026
23.384130000000003 4169.0 0.7073170731707317
23.384130000000003 4092.0000000000005 0.8095238095238095
38.312430000000006 5135.000000000001 0.5813953488372092
27.85644 3780.0000000000005 0.8571428571428572
25.349160000000005 3912.0000000000005 0.75
25.349160000000005 3996.0000000000005 0.7222222222222222
27.85644 3816.0000000000005 0.7714285714285715
33.44952 5109.000000000001 0.6511627906976745
27.85644 3912.0000000000005 0.7222222222222222
23.384130000000003 4411.0 0.6976744186046512
25.349160000000005 3816.0000000000005 0.8571428571428572
27.85644 3804.0000000000005 0.8285714285714285
23.384130000000003 4026.0000000000005 0.8536585365853658
22.976910000000004 4136.0 0.7317073170731707
22.976910000000004 4092.0000000000005 0.8292682926829268
25.349160000000005 3756.0000000000005 0.8857142857142857
25.349160000000005 3852.0000000000005 0.8285714285714285
21.36904 3509.0000000000005 0.8888888888888888
