35.596210000000006 3900.000000000001 0.5625
29.320080000000008 2988.0000000000005 0.7857142857142857
23.31168 3324.0000000000005 0.7
31.76342000000001 4238.000000000001 0.6285714285714286
35.596210000000006 3848.000000000001 0.59375
29.146390000000004 3965.000000000001 0.6363636363636364
23.31168 3792.0000000000005 0.6764705882352942
35.596210000000006 3757.000000000001 0.625
23.31168 3456.0000000000005 0.6875
30.817560000000004 3276.0000000000005 0.6666666666666667
23.31168 3204.0000000000005 0.7333333333333334
29.320080000000008 3360.0000000000005 0.6333333333333333
29.320080000000008 3024.0000000000005 0.7142857142857143
29.320080000000008 3036.0000000000005 0.6785714285714286
29.320080000000008 3288.0000000000005 0.6666666666666667
29.320080000000008 2928.0000000000005 0.8571428571428572
25.065720000000006 2976.0000000000005 0.8214285714285714
23.31168 3048.0000000000005 0.8275862068965517
