38.312430000000006 3783.000000000001 0.5625
29.320080000000008 2988.0000000000005 0.7142857142857143
28.085760000000008 3252.0000000000005 0.6206896551724138
23.31168 3576.0000000000005 0.6875
26.663640000000004 3192.0000000000005 0.7241379310344828
28.085760000000008 3120.0000000000005 0.7241379310344828
23.31168 3204.0000000000005 0.8
25.065720000000006 3468.0000000000005 0.65625
28.085760000000008 3132.0000000000005 0.6896551724137931
38.280060000000006 3783.000000000001 0.6129032258064516
25.065720000000006 3000.0000000000005 0.75
25.065720000000006 2976.0000000000005 0.8571428571428572
23.31168 3288.0000000000005 0.7
29.320080000000008 2976.0000000000005 0.75
23.31168 3264.0000000000005 0.7333333333333334
29.320080000000008 2964.0000000000005 0.8214285714285714
29.320080000000008 3048.0000000000005 0.6785714285714286
34.00930000000001 4069.000000000001 0.5882352941176471
