35.596210000000006 3900.000000000001 0.5625
23.31168 3324.0000000000005 0.7
35.596210000000006 3848.000000000001 0.59375
23.31168 3456.0000000000005 0.6875
23.31168 3204.0000000000005 0.7333333333333334
29.320080000000008 3036.0000000000005 0.6785714285714286
29.320080000000008 3336.0000000000005 0.6
29.320080000000008 3144.0000000000005 0.6428571428571428
29.320080000000008 2964.0000000000005 0.7142857142857143
23.31168 3192.0000000000005 0.8
23.31168 3468.0000000000005 0.625
29.320080000000008 2928.0000000000005 0.8571428571428572
25.065720000000006 2976.0000000000005 0.8214285714285714
23.31168 3048.0000000000005 0.8275862068965517
