23.1 2838.0000000000005 0.75
18.700000000000003 3355.0000000000005 0.5161290322580645
18.700000000000003 3267.0000000000005 0.5806451612903225
20.0 2980.0 0.5483870967741935
23.1 2882.0000000000005 0.6071428571428572
23.1 2860.0000000000005 0.6785714285714286
19.8 4554.0 0.4285714285714286
20.0 2890.0 0.6774193548387097
23.1 2849.0000000000005 0.7142857142857143
18.700000000000003 3179.0000000000005 0.7741935483870968
23.1 2926.0000000000005 0.5357142857142857
20.0 3000.0 0.5161290322580645
23.1 2871.0000000000005 0.6428571428571428
17.6 3619.0000000000005 0.7142857142857143
23.1 2992.0000000000005 0.5
15.400000000000002 3608.0000000000005 0.7428571428571429
23.1 3388.0000000000005 0.4516129032258065
15.400000000000002 3652.0000000000005 0.6285714285714286
15.400000000000002 3663.0000000000005 0.6
22.0 4818.0 0.4130434782608695
18.700000000000003 3311.0000000000005 0.5483870967741935
17.6 3916.0000000000005 0.5675675675675675
15.400000000000002 3927.0000000000005 0.5142857142857142
20.0 2910.0 0.6129032258064516
18.700000000000003 3201.0000000000005 0.6451612903225806
15.400000000000002 3630.0000000000005 0.7142857142857143
15.400000000000002 3685.0000000000005 0.5714285714285714
18.700000000000003 3410.0000000000005 0.4838709677419355
