15.400000000000002 3762.0000000000005 0.5142857142857142
15.400000000000002 3630.0000000000005 0.6857142857142857
18.700000000000003 3454.0000000000005 0.5161290322580645
15.400000000000002 3696.0000000000005 0.6285714285714286
20.0 2900.0 0.7419354838709677
18.700000000000003 3366.0000000000005 0.5483870967741935
23.1 2904.0000000000005 0.5357142857142857
22.0 3399.0000000000005 0.53125
18.700000000000003 3223.0000000000005 0.7096774193548387
18.700000000000003 3201.0000000000005 0.7741935483870968
20.0 2940.0 0.6129032258064516
15.400000000000002 3707.0000000000005 0.6
15.400000000000002 3619.0000000000005 0.7714285714285715
20.0 2910.0 0.6451612903225806
15.400000000000002 3718.0000000000005 0.5714285714285714
18.700000000000003 3245.0000000000005 0.6129032258064516
20.0 2890.0 0.7741935483870968
25.200000000000003 3624.0000000000005 0.4838709677419355
20.0 2980.0 0.5483870967741935
27.600000000000005 4704.000000000001 0.46341463414634143
23.1 2948.0000000000005 0.5
23.1 2882.0000000000005 0.5714285714285714
15.400000000000002 3784.0000000000005 0.48571428571428577
18.700000000000003 3278.0000000000005 0.5806451612903225
23.1 2827.0000000000005 0.7857142857142857
20.0 2960.0 0.5806451612903225
23.1 2838.0000000000005 0.6785714285714286
20.0 3770.0 0.5
25.3 3311.0000000000005 0.46875
25.3 3256.0000000000005 0.4838709677419355
