15.400000000000002 4235.0 0.575
20.0 3140.0 0.53125
20.0 3120.0 0.625
17.0 3390.0 0.6666666666666667
23.1 2981.0000000000005 0.7931034482758621
22.0 3993.0000000000005 0.5
19.8 4246.0 0.5384615384615384
20.0 3050.0 0.65625
25.200000000000003 3912.0000000000005 0.5
17.0 3360.0 0.7222222222222222
17.0 3370.0 0.7142857142857143
17.0 3520.0 0.5833333333333333
23.1 3047.0000000000005 0.6206896551724138
20.0 3030.0 0.75
27.600000000000005 3624.0000000000005 0.5
27.600000000000005 3660.0000000000005 0.46875
20.900000000000002 3113.0000000000005 0.6333333333333333
20.0 3040.0 0.6875
15.0 3510.0 0.7027027027027026
16.0 3500.0 0.7837837837837838
17.0 3460.0 0.6111111111111112
15.0 3550.0 0.6216216216216216
20.0 3920.0 0.525
20.900000000000002 3025.0000000000005 0.8333333333333334
18.700000000000003 4642.0 0.4883720930232558
16.5 3960.0000000000005 0.5675675675675675
23.1 2992.0000000000005 0.6551724137931034
16.5 3817.0000000000005 0.5714285714285714
15.400000000000002 4323.0 0.55
23.1 3080.0000000000005 0.5517241379310345
16.5 4015.0000000000005 0.5405405405405406
17.0 3650.0 0.5526315789473684
18.700000000000003 3344.0000000000005 0.7575757575757576
18.700000000000003 3476.0000000000005 0.6060606060606061
25.200000000000003 3864.0000000000005 0.5151515151515151
18.700000000000003 3619.0000000000005 0.5588235294117647
26.400000000000006 4572.000000000001 0.46153846153846156
