16.0 3460.0 0.7567567567567568
15.0 3590.0 0.6756756756756757
20.0 2920.0 0.6129032258064516
15.400000000000002 3872.0000000000005 0.5405405405405406
15.400000000000002 4158.0 0.5128205128205128
15.0 3730.0 0.631578947368421
20.0 3020.0 0.5161290322580645
15.400000000000002 3817.0000000000005 0.5675675675675675
17.0 3240.0 0.8571428571428572
19.8 4950.0 0.46808510638297873
17.0 3350.0 0.6285714285714286
16.800000000000004 3816.0000000000005 0.5757575757575757
22.0 4070.0000000000005 0.5128205128205128
15.0 3650.0 0.6578947368421053
16.5 3938.0000000000005 0.5135135135135135
15.0 3570.0 0.8157894736842105
17.0 3270.0 0.6857142857142857
20.0 2890.0 0.7419354838709677
20.0 2970.0 0.5483870967741935
27.600000000000005 4884.000000000001 0.4418604651162791
20.0 2900.0 0.7096774193548387
15.400000000000002 3806.0000000000005 0.6216216216216216
27.600000000000005 4776.000000000001 0.4883720930232558
32.400000000000006 4812.000000000001 0.46341463414634143
19.8 3674.0000000000005 0.5428571428571429
15.400000000000002 4092.0000000000005 0.5263157894736843
17.0 3400.0 0.6
29.900000000000006 4602.000000000001 0.4864864864864865
17.0 3540.0 0.5833333333333333
20.0 3150.0 0.5151515151515151
19.8 3850.0000000000005 0.5405405405405406
