23.1 3421.0000000000005 0.5
23.1 2871.0000000000005 0.6785714285714286
25.200000000000003 3900.0000000000005 0.4545454545454546
20.0 2880.0 0.7741935483870968
15.400000000000002 3751.0000000000005 0.5142857142857142
15.400000000000002 3630.0000000000005 0.8571428571428572
22.0 3894.0000000000005 0.45945945945945943
17.6 3641.0000000000005 0.6857142857142857
23.1 2926.0000000000005 0.5357142857142857
24.000000000000004 4116.000000000001 0.38888888888888884
20.0 2950.0 0.5483870967741935
23.1 2915.0000000000005 0.6428571428571428
15.400000000000002 4004.0000000000005 0.45945945945945943
22.0 4323.0 0.44999999999999996
18.700000000000003 3333.0000000000005 0.5483870967741935
23.1 2849.0000000000005 0.75
17.6 3685.0000000000005 0.6
18.700000000000003 3212.0000000000005 0.6129032258064516
15.400000000000002 3663.0000000000005 0.6285714285714286
15.400000000000002 3652.0000000000005 0.6571428571428571
15.400000000000002 3707.0000000000005 0.6
17.6 3619.0000000000005 0.8285714285714285
18.700000000000003 3201.0000000000005 0.7419354838709677
15.400000000000002 3641.0000000000005 0.7428571428571429
24.200000000000003 3366.0000000000005 0.53125
25.200000000000003 3528.0000000000005 0.4838709677419355
27.600000000000005 3696.0000000000005 0.46875
20.0 2900.0 0.6774193548387097
18.700000000000003 3179.0000000000005 0.7741935483870968
17.6 3630.0000000000005 0.7428571428571429
23.1 3399.0000000000005 0.53125
18.700000000000003 3311.0000000000005 0.5806451612903225
20.0 3400.0 0.5142857142857142
18.700000000000003 3674.0000000000005 0.5
