15.400000000000002 3861.0000000000005 0.6756756756756757
18.700000000000003 3278.0000000000005 0.7096774193548387
25.200000000000003 3732.0000000000005 0.46875
15.400000000000002 3894.0000000000005 0.5945945945945945
18.700000000000003 3289.0000000000005 0.6774193548387097
25.3 3652.0000000000005 0.48571428571428577
20.0 2990.0 0.5806451612903225
19.8 3245.0000000000005 0.7419354838709677
23.1 2915.0000000000005 0.6071428571428572
22.0 4004.0000000000005 0.5
17.6 3828.0000000000005 0.7837837837837838
20.0 2920.0 0.7096774193548387
18.700000000000003 3234.0000000000005 0.7741935483870968
18.700000000000003 3344.0000000000005 0.5806451612903225
16.5 4246.0 0.55
18.700000000000003 3322.0000000000005 0.6451612903225806
23.1 2893.0000000000005 0.6428571428571428
23.1 2860.0000000000005 0.7142857142857143
23.1 2937.0000000000005 0.5714285714285714
17.6 4015.0000000000005 0.5789473684210527
17.6 4103.0 0.5526315789473684
23.1 2827.0000000000005 0.75
16.5 4433.0 0.5238095238095238
22.0 3322.0000000000005 0.5483870967741935
20.0 2960.0 0.6451612903225806
20.0 3380.0 0.5555555555555556
23.1 2882.0000000000005 0.6785714285714286
18.700000000000003 3553.0000000000005 0.5454545454545454
18.700000000000003 3630.0000000000005 0.5294117647058824
17.6 4279.0 0.5121951219512195
23.1 3069.0000000000005 0.5172413793103448
