20.0 2900.0 0.7741935483870968
18.700000000000003 3267.0000000000005 0.6451612903225806
20.0 2920.0 0.7419354838709677
17.0 3310.0 0.6857142857142857
17.6 3927.0000000000005 0.4864864864864865
20.0 3190.0 0.6764705882352942
23.1 3014.0000000000005 0.6551724137931034
22.0 3146.0000000000005 0.6129032258064516
17.0 3270.0 0.7714285714285715
15.400000000000002 3652.0000000000005 0.6571428571428571
15.400000000000002 3630.0000000000005 0.7714285714285715
17.0 3380.0 0.6
20.0 2940.0 0.6774193548387097
15.400000000000002 4180.0 0.5128205128205128
18.700000000000003 3333.0000000000005 0.5161290322580645
17.0 3370.0 0.6285714285714286
15.400000000000002 3674.0000000000005 0.6285714285714286
17.0 3260.0 0.8571428571428572
17.0 3290.0 0.7142857142857143
15.400000000000002 3740.0000000000005 0.6
22.0 3267.0000000000005 0.5161290322580645
19.8 3234.0000000000005 0.6451612903225806
18.700000000000003 3212.0000000000005 0.7419354838709677
15.400000000000002 3828.0000000000005 0.5142857142857142
18.700000000000003 3289.0000000000005 0.6129032258064516
15.400000000000002 4290.0 0.5121951219512195
18.700000000000003 3223.0000000000005 0.6774193548387097
19.8 3597.0000000000005 0.48571428571428577
15.400000000000002 3784.0000000000005 0.5714285714285714
27.600000000000005 4608.000000000001 0.475
