18.700000000000003 3278.0000000000005 0.6129032258064516
15.400000000000002 3938.0000000000005 0.5135135135135135
15.400000000000002 3828.0000000000005 0.5945945945945945
23.1 2860.0000000000005 0.5714285714285714
18.700000000000003 3234.0000000000005 0.6774193548387097
18.700000000000003 3245.0000000000005 0.6451612903225806
18.700000000000003 3300.0000000000005 0.5806451612903225
23.1 2926.0000000000005 0.5357142857142857
25.3 3520.0000000000005 0.5151515151515151
15.400000000000002 3872.0000000000005 0.5675675675675675
15.400000000000002 3817.0000000000005 0.8108108108108107
23.1 3091.0000000000005 0.5172413793103448
18.700000000000003 3322.0000000000005 0.5483870967741935
18.700000000000003 3597.0000000000005 0.5454545454545454
15.400000000000002 3927.0000000000005 0.5405405405405406
19.8 4378.0 0.4878048780487805
25.200000000000003 3600.0000000000005 0.4838709677419355
25.3 3531.0000000000005 0.4242424242424242
18.700000000000003 3179.0000000000005 0.7096774193548387
