18.700000000000003 3751.0000000000005 0.6111111111111112
18.700000000000003 4048.0000000000005 0.5526315789473684
18.700000000000003 3652.0000000000005 0.75
17.6 4070.0000000000005 0.641025641025641
19.8 3443.0000000000005 0.6764705882352942
22.0 3322.0000000000005 0.59375
16.5 4037.0000000000005 0.7435897435897436
15.400000000000002 4081.0000000000005 0.6153846153846154
16.800000000000004 4536.000000000001 0.5
15.400000000000002 4224.0 0.5384615384615384
19.8 3388.0000000000005 0.7647058823529411
17.6 4048.0000000000005 0.717948717948718
16.5 4235.0 0.525
16.5 4147.0 0.5897435897435898
17.6 4015.0000000000005 0.7948717948717949
22.0 3333.0000000000005 0.53125
22.0 3223.0000000000005 0.78125
17.6 4125.0 0.5897435897435898
19.8 3542.0000000000005 0.6176470588235294
15.400000000000002 4213.0 0.5641025641025641
20.900000000000002 3487.0000000000005 0.6176470588235294
22.0 3289.0000000000005 0.625
19.8 3454.0000000000005 0.6470588235294117
16.5 4477.0 0.5238095238095238
18.700000000000003 3674.0000000000005 0.6666666666666667
18.700000000000003 4169.0 0.4871794871794872
19.8 3399.0000000000005 0.7352941176470589
19.8 3630.0000000000005 0.5428571428571429
18.700000000000003 3619.0000000000005 0.7777777777777778
18.700000000000003 4081.0000000000005 0.5263157894736843
18.700000000000003 3982.0000000000005 0.5789473684210527
19.8 3432.0000000000005 0.7058823529411764
22.0 3245.0000000000005 0.65625
19.8 3564.0000000000005 0.5882352941176471
18.700000000000003 3949.0000000000005 0.6052631578947368
22.0 3234.0000000000005 0.71875
19.8 3377.0000000000005 0.8823529411764706
20.400000000000002 4452.000000000001 0.4736842105263158
