20.0 2930.0 0.5806451612903225
20.0 2890.0 0.7741935483870968
20.0 2900.0 0.7096774193548387
18.700000000000003 3300.0000000000005 0.5483870967741935
15.400000000000002 3696.0000000000005 0.6571428571428571
22.0 3366.0000000000005 0.53125
15.400000000000002 3828.0000000000005 0.5714285714285714
15.400000000000002 3674.0000000000005 0.7142857142857143
18.700000000000003 4279.0 0.525
18.700000000000003 3289.0000000000005 0.6129032258064516
18.700000000000003 3267.0000000000005 0.6451612903225806
20.0 2920.0 0.6129032258064516
15.400000000000002 4477.0 0.4878048780487805
20.0 2980.0 0.5483870967741935
18.700000000000003 3168.0000000000005 0.7419354838709677
15.400000000000002 4334.0 0.5365853658536586
20.0 2910.0 0.6774193548387097
23.1 2871.0000000000005 0.5714285714285714
24.200000000000003 3179.0000000000005 0.4666666666666667
17.6 4048.0000000000005 0.5263157894736843
20.0 3460.0 0.5277777777777778
20.0 2880.0 0.8064516129032258
23.1 2992.0000000000005 0.5357142857142857
15.400000000000002 3707.0000000000005 0.6
23.1 2827.0000000000005 0.7142857142857143
15.400000000000002 3663.0000000000005 0.8285714285714285
19.8 3806.0000000000005 0.5277777777777778
15.400000000000002 3685.0000000000005 0.6857142857142857
18.700000000000003 4378.0 0.5121951219512195
