24.00013 2222.0 0.8130434782608695
25.5156 2343.0 0.6695652173913045
19.5525 2475.0 0.5958333333333334
22.027829999999998 2332.0 0.8708333333333333
17.72606 2530.0 0.792
24.00013 2266.0 0.7173913043478262
17.90283 2409.0 0.7333333333333335
20.07214 2343.0 0.8250000000000001
17.90283 2420.0 0.6875
24.00013 2376.0 0.6695652173913045
24.00013 2244.0 0.7652173913043478
24.00013 2398.0 0.6217391304347827
17.90283 2398.0 0.8250000000000001
19.5525 2354.0 0.8250000000000001
19.5525 2387.0 0.7791666666666667
19.5525 2398.0 0.7333333333333335
