24.00013 2222.0 0.8130434782608695
19.5525 2475.0 0.5958333333333334
24.00013 2266.0 0.7173913043478262
17.90283 2420.0 0.6875
24.00013 2244.0 0.7652173913043478
24.00013 2398.0 0.6217391304347827
19.5525 2354.0 0.8250000000000001
25.5156 2288.0 0.6695652173913045
17.90283 2376.0 0.7333333333333335
17.72606 2508.0 0.748
17.90283 2365.0 0.9166666666666667
20.07214 2321.0 0.8250000000000001
17.72606 2519.0 0.7040000000000001
20.07214 2398.0 0.6875
17.72606 2530.0 0.66
20.07214 2365.0 0.7791666666666667
23.938970000000005 2310.0 1.0083333333333333
24.00013 2310.0 0.6695652173913045
17.72606 2453.0 0.792
23.938970000000005 2431.0 0.6416666666666666
24.00013 2211.0 0.9086956521739131
17.90283 2453.0 0.6416666666666666
