25.3 3575.0000000000005 0.4242424242424242
23.1 2816.0 0.7857142857142857
15.400000000000002 4213.0 0.5897435897435898
26.400000000000006 3312.0000000000005 0.5517241379310345
25.200000000000003 4044.0000000000005 0.4571428571428572
24.200000000000003 3135.0000000000005 0.5666666666666667
17.6 3751.0000000000005 0.75
16.5 4466.0 0.5238095238095238
20.900000000000002 3201.0000000000005 0.6333333333333333
18.700000000000003 3289.0000000000005 0.6774193548387097
19.8 3685.0000000000005 0.5714285714285714
16.5 3872.0000000000005 0.5675675675675675
15.400000000000002 4048.0000000000005 0.6052631578947368
15.400000000000002 3938.0000000000005 0.7027027027027026
22.0 3729.0000000000005 0.5428571428571429
17.6 3795.0000000000005 0.6944444444444444
25.3 3344.0000000000005 0.5454545454545454
23.1 2893.0000000000005 0.6785714285714286
17.6 3762.0000000000005 0.7222222222222222
25.200000000000003 3528.0000000000005 0.5483870967741935
16.5 3861.0000000000005 0.7297297297297297
17.6 3839.0000000000005 0.6666666666666667
15.400000000000002 3993.0000000000005 0.6216216216216216
18.700000000000003 3344.0000000000005 0.6451612903225806
18.700000000000003 3630.0000000000005 0.5757575757575757
19.8 3608.0000000000005 0.5882352941176471
22.0 3443.0000000000005 0.5757575757575757
22.0 3421.0000000000005 0.59375
18.700000000000003 3388.0000000000005 0.6129032258064516
22.0 3355.0000000000005 0.625
18.700000000000003 3597.0000000000005 0.6060606060606061
23.1 2904.0000000000005 0.5714285714285714
23.1 3377.0000000000005 0.5625
25.200000000000003 3396.0000000000005 0.5517241379310345
25.200000000000003 3720.0000000000005 0.5454545454545454
18.700000000000003 3839.0000000000005 0.5555555555555556
22.0 3938.0000000000005 0.4722222222222222
25.3 3476.0000000000005 0.48484848484848486
15.400000000000002 3608.0000000000005 0.7714285714285715
17.6 4059.0000000000005 0.4864864864864865
18.700000000000003 3212.0000000000005 0.8387096774193549
20.0 2910.0 0.6451612903225806
