15.400000000000002 3685.0000000000005 0.6
18.700000000000003 3212.0000000000005 0.8387096774193549
23.1 2871.0000000000005 0.6785714285714286
24.200000000000003 3146.0000000000005 0.5666666666666667
17.6 4059.0000000000005 0.4864864864864865
22.0 3740.0000000000005 0.5
17.6 3652.0000000000005 0.7142857142857143
15.400000000000002 3839.0000000000005 0.5428571428571429
18.700000000000003 3234.0000000000005 0.8064516129032258
23.1 2904.0000000000005 0.6428571428571428
20.0 3380.0 0.5294117647058824
18.700000000000003 3245.0000000000005 0.7741935483870968
19.8 3916.0000000000005 0.5405405405405406
18.700000000000003 3575.0000000000005 0.5454545454545454
20.0 2940.0 0.6451612903225806
18.700000000000003 3267.0000000000005 0.6451612903225806
20.0 2980.0 0.5806451612903225
20.0 2930.0 0.7096774193548387
18.700000000000003 3333.0000000000005 0.5483870967741935
15.400000000000002 3773.0000000000005 0.5714285714285714
20.0 3660.0 0.5135135135135135
18.700000000000003 3311.0000000000005 0.5806451612903225
20.0 2970.0 0.6129032258064516
19.8 4037.0000000000005 0.5263157894736843
20.0 3630.0 0.5263157894736843
23.1 2970.0000000000005 0.6071428571428572
18.700000000000003 3256.0000000000005 0.7096774193548387
22.0 3938.0000000000005 0.4722222222222222
25.3 3476.0000000000005 0.48484848484848486
15.400000000000002 3608.0000000000005 0.7714285714285715
