26.400000000000006 4632.000000000001 0.42500000000000004
15.400000000000002 4169.0 0.7692307692307692
16.5 4147.0 0.6578947368421053
17.6 3729.0000000000005 0.7428571428571429
18.700000000000003 3674.0000000000005 0.6
23.1 3047.0000000000005 0.6206896551724138
20.0 3060.0 0.625
19.8 3806.0000000000005 0.5405405405405406
18.700000000000003 3817.0000000000005 0.5833333333333333
18.700000000000003 4037.0000000000005 0.5789473684210527
18.700000000000003 3322.0000000000005 0.6129032258064516
19.8 3751.0000000000005 0.5714285714285714
17.6 3806.0000000000005 0.6
15.400000000000002 3608.0000000000005 0.7714285714285715
17.6 4059.0000000000005 0.4864864864864865
20.0 2910.0 0.6451612903225806
23.1 2816.0 0.7857142857142857
18.700000000000003 3190.0000000000005 0.7096774193548387
20.0 3160.0 0.46875
15.400000000000002 4290.0 0.4878048780487805
