15.400000000000002 3795.0000000000005 0.6
33.60000000000001 5076.000000000001 0.43181818181818177
26.400000000000006 5088.000000000001 0.41860465116279066
23.1 2915.0000000000005 0.6785714285714286
20.0 3020.0 0.84375
28.800000000000004 4224.000000000001 0.45945945945945943
22.0 4444.0 0.45238095238095233
18.700000000000003 3223.0000000000005 0.7741935483870968
20.0 3030.0 0.71875
17.6 4059.0000000000005 0.5135135135135135
18.700000000000003 4334.0 0.5121951219512195
15.400000000000002 3696.0000000000005 0.6857142857142857
27.600000000000005 3624.0000000000005 0.46875
25.3 3476.0000000000005 0.48484848484848486
15.400000000000002 3608.0000000000005 0.7714285714285715
20.0 3070.0 0.625
24.200000000000003 3707.0000000000005 0.5294117647058824
17.6 3883.0000000000005 0.5428571428571429
23.1 3201.0000000000005 0.5333333333333333
22.0 3377.0000000000005 0.5625
20.0 3100.0 0.59375
18.700000000000003 3498.0000000000005 0.5757575757575757
18.700000000000003 3311.0000000000005 0.6129032258064516
15.400000000000002 4411.0 0.5476190476190477
25.3 3366.0000000000005 0.53125
18.700000000000003 3267.0000000000005 0.7096774193548387
18.700000000000003 3278.0000000000005 0.6451612903225806
15.400000000000002 3773.0000000000005 0.6571428571428571
20.0 4030.0 0.5238095238095238
22.0 3938.0000000000005 0.4722222222222222
23.1 3014.0000000000005 0.6551724137931034
15.400000000000002 3685.0000000000005 0.7142857142857143
20.0 3820.0 0.525
22.0 3421.0000000000005 0.53125
17.6 3729.0000000000005 0.5714285714285714
15.400000000000002 3938.0000000000005 0.5675675675675675
