37.2 5652.000000000001 0.44897959183673475
39.60000000000001 4296.000000000001 0.45945945945945943
15.400000000000002 4048.0000000000005 0.5263157894736843
18.700000000000003 3465.0000000000005 0.6363636363636364
16.5 3905.0000000000005 0.736842105263158
23.1 3069.0000000000005 0.5862068965517242
16.5 3971.0000000000005 0.7105263157894737
15.400000000000002 4004.0000000000005 0.736842105263158
18.700000000000003 3608.0000000000005 0.6176470588235294
18.000000000000004 3876.0000000000005 0.7058823529411764
17.6 3872.0000000000005 0.7567567567567568
18.000000000000004 3912.0000000000005 0.6176470588235294
18.700000000000003 3971.0000000000005 0.5675675675675675
16.5 3993.0000000000005 0.631578947368421
18.700000000000003 3278.0000000000005 0.6774193548387097
15.400000000000002 4037.0000000000005 0.6052631578947368
18.700000000000003 3685.0000000000005 0.6
17.6 3916.0000000000005 0.6756756756756757
16.5 3982.0000000000005 0.6578947368421053
15.400000000000002 3993.0000000000005 0.7631578947368421
20.0 3060.0 0.59375
19.8 3938.0000000000005 0.5945945945945945
16.800000000000004 3912.0000000000005 0.6764705882352942
16.800000000000004 3984.0000000000005 0.5882352941176471
15.400000000000002 3608.0000000000005 0.7714285714285715
17.6 4059.0000000000005 0.4864864864864865
20.0 2910.0 0.6451612903225806
23.1 2816.0 0.7857142857142857
18.700000000000003 3190.0000000000005 0.7096774193548387
20.0 3160.0 0.46875
