27.600000000000005 4656.000000000001 0.44999999999999996
15.400000000000002 3652.0000000000005 0.6857142857142857
32.400000000000006 3888.0000000000005 0.47058823529411764
18.700000000000003 3223.0000000000005 0.8064516129032258
23.1 2849.0000000000005 0.7142857142857143
20.0 2910.0 0.6451612903225806
15.400000000000002 4191.0 0.5641025641025641
15.400000000000002 3630.0000000000005 0.7428571428571429
23.1 3069.0000000000005 0.5172413793103448
19.8 3256.0000000000005 0.7741935483870968
18.700000000000003 3421.0000000000005 0.6060606060606061
18.700000000000003 3289.0000000000005 0.7741935483870968
15.400000000000002 3850.0000000000005 0.5675675675675675
18.700000000000003 3322.0000000000005 0.6451612903225806
23.1 2860.0000000000005 0.6071428571428572
15.400000000000002 3839.0000000000005 0.6285714285714286
18.700000000000003 3729.0000000000005 0.5714285714285714
32.400000000000006 4008.0000000000005 0.4571428571428572
17.6 3740.0000000000005 0.6
20.0 3010.0 0.5483870967741935
15.400000000000002 3751.0000000000005 0.6571428571428571
18.700000000000003 3300.0000000000005 0.7419354838709677
18.700000000000003 3311.0000000000005 0.6774193548387097
23.1 2882.0000000000005 0.5714285714285714
22.0 3938.0000000000005 0.4722222222222222
25.3 3476.0000000000005 0.48484848484848486
15.400000000000002 3608.0000000000005 0.7714285714285715
17.6 4059.0000000000005 0.4864864864864865
18.700000000000003 3212.0000000000005 0.8387096774193549
