27.600000000000005 3828.0000000000005 0.4545454545454546
15.400000000000002 3718.0000000000005 0.6285714285714286
23.1 2970.0000000000005 0.6206896551724138
22.0 3817.0000000000005 0.5142857142857142
20.0 3430.0 0.5428571428571429
16.5 4455.0 0.5121951219512195
25.200000000000003 3744.0000000000005 0.5
18.700000000000003 3245.0000000000005 0.8064516129032258
24.200000000000003 3564.0000000000005 0.5294117647058824
18.700000000000003 3256.0000000000005 0.7096774193548387
15.400000000000002 3707.0000000000005 0.7428571428571429
23.1 3047.0000000000005 0.5862068965517242
18.700000000000003 3366.0000000000005 0.5806451612903225
24.200000000000003 3256.0000000000005 0.5483870967741935
20.0 3050.0 0.625
20.0 3340.0 0.6176470588235294
18.700000000000003 3278.0000000000005 0.6451612903225806
15.400000000000002 3828.0000000000005 0.5428571428571429
18.700000000000003 3740.0000000000005 0.5714285714285714
20.0 3690.0 0.5263157894736843
22.0 3938.0000000000005 0.4722222222222222
25.3 3476.0000000000005 0.48484848484848486
15.400000000000002 3608.0000000000005 0.7714285714285715
17.6 4059.0000000000005 0.4864864864864865
18.700000000000003 3212.0000000000005 0.8387096774193549
20.0 2910.0 0.6451612903225806
23.1 2849.0000000000005 0.7142857142857143
