27.600000000000005 3780.0000000000005 0.4545454545454546
24.000000000000004 4764.000000000001 0.46341463414634143
15.400000000000002 3927.0000000000005 0.6216216216216216
20.0 2970.0 0.5806451612903225
15.400000000000002 3762.0000000000005 0.7428571428571429
20.0 3160.0 0.46875
16.5 4422.0 0.5476190476190477
18.700000000000003 3190.0000000000005 0.7096774193548387
18.700000000000003 3630.0000000000005 0.6060606060606061
18.700000000000003 3960.0000000000005 0.5675675675675675
18.700000000000003 3388.0000000000005 0.6129032258064516
17.6 4048.0000000000005 0.5789473684210527
17.6 3850.0000000000005 0.6486486486486487
16.800000000000004 3960.0000000000005 0.5882352941176471
19.8 3762.0000000000005 0.6
19.8 3289.0000000000005 0.6774193548387097
18.700000000000003 3322.0000000000005 0.6451612903225806
18.700000000000003 3311.0000000000005 0.6774193548387097
15.400000000000002 4081.0000000000005 0.5526315789473684
15.400000000000002 3773.0000000000005 0.6571428571428571
15.400000000000002 3608.0000000000005 0.7714285714285715
17.6 4059.0000000000005 0.4864864864864865
20.0 2910.0 0.6451612903225806
23.1 2816.0 0.7857142857142857
