19.8 4730.0 0.4222222222222223
15.400000000000002 3663.0000000000005 0.7142857142857143
18.700000000000003 4356.0 0.4390243902439024
27.600000000000005 3804.0000000000005 0.4242424242424242
23.1 2981.0000000000005 0.5714285714285714
15.400000000000002 4290.0 0.4878048780487805
17.6 3817.0000000000005 0.6111111111111112
15.400000000000002 3641.0000000000005 0.7428571428571429
15.400000000000002 3982.0000000000005 0.6216216216216216
17.6 3993.0000000000005 0.5789473684210527
18.700000000000003 3454.0000000000005 0.5483870967741935
20.0 3150.0 0.59375
18.700000000000003 4048.0000000000005 0.5384615384615384
15.400000000000002 3707.0000000000005 0.6571428571428571
19.8 3971.0000000000005 0.5405405405405406
18.700000000000003 3355.0000000000005 0.5806451612903225
18.700000000000003 3267.0000000000005 0.6451612903225806
15.400000000000002 3729.0000000000005 0.6285714285714286
18.700000000000003 3278.0000000000005 0.6129032258064516
20.0 3120.0 0.625
15.400000000000002 4015.0000000000005 0.5405405405405406
15.400000000000002 3608.0000000000005 0.7714285714285715
17.6 4059.0000000000005 0.4864864864864865
20.0 2910.0 0.6451612903225806
23.1 2816.0 0.7857142857142857
18.700000000000003 3190.0000000000005 0.7096774193548387
20.0 3160.0 0.46875
