15.400000000000002 4125.0 0.5641025641025641
27.600000000000005 5064.000000000001 0.43181818181818177
30.000000000000004 5052.000000000001 0.43181818181818177
16.5 4169.0 0.5384615384615384
27.600000000000005 4836.000000000001 0.45238095238095233
17.6 3839.0000000000005 0.6216216216216216
18.700000000000003 3509.0000000000005 0.6060606060606061
17.6 4015.0000000000005 0.5945945945945945
15.400000000000002 4059.0000000000005 0.5945945945945945
18.700000000000003 3531.0000000000005 0.5757575757575757
18.700000000000003 3883.0000000000005 0.5428571428571429
18.700000000000003 3443.0000000000005 0.6666666666666667
15.400000000000002 4092.0000000000005 0.5897435897435898
15.400000000000002 3916.0000000000005 0.6216216216216216
18.700000000000003 3454.0000000000005 0.6363636363636364
15.400000000000002 4037.0000000000005 0.6153846153846154
15.400000000000002 3718.0000000000005 0.6285714285714286
18.700000000000003 3311.0000000000005 0.6774193548387097
15.400000000000002 3608.0000000000005 0.7714285714285715
17.6 4059.0000000000005 0.4864864864864865
20.0 2910.0 0.6451612903225806
23.1 2816.0 0.7857142857142857
18.700000000000003 3190.0000000000005 0.7096774193548387
20.0 3160.0 0.46875
