29.67300000000001 6540.000000000001 0.6206896551724138
18.595610000000004 5489.0 0.679245283018868
24.28822 4389.0 0.8222222222222222
20.45296 4510.0 0.8260869565217391
28.16520000000001 5892.000000000001 0.6415094339622642
25.86960000000001 5652.000000000001 0.6470588235294117
28.086630000000003 5313.0 0.6470588235294117
26.429700000000004 4466.0 0.7555555555555555
20.45296 4521.0 0.8043478260869565
19.276400000000002 5005.0 0.653061224489796
19.276400000000002 4961.0 0.6666666666666667
18.595610000000004 4741.0 0.7021276595744681
24.28822 4510.0 0.7555555555555555
24.28822 4521.0 0.7333333333333334
23.50601 4554.0 0.7391304347826086
24.28822 4477.0 0.7777777777777778
24.28822 4598.0 0.7173913043478262
18.595610000000004 4862.0 0.6875
20.45296 4620.0 0.7391304347826086
18.595610000000004 4642.0 0.8085106382978724
18.595610000000004 4697.0 0.7872340425531915
20.45296 4642.0 0.7173913043478262
19.276400000000002 4862.0 0.6734693877551021
20.45296 4653.0 0.6956521739130435
24.28822 4708.0 0.6595744680851063
20.45296 4554.0 0.7608695652173914
18.595610000000004 4719.0 0.7659574468085106
24.28822 4675.0 0.6888888888888889
20.45296 4730.0 0.6739130434782609
24.28822 4686.0 0.6739130434782609
18.595610000000004 4477.0 0.8478260869565217
24.28822 4279.0 0.8409090909090909
20.45296 4466.0 0.8478260869565217
21.391150000000003 4411.0 0.8
