23.50601 4631.0 0.7872340425531915
20.45296 4774.0 0.7021276595744681
20.45296 4664.0 0.7234042553191489
24.28822 4499.0 0.7391304347826086
20.45296 4565.0 0.8723404255319149
24.28822 4587.0 0.6956521739130435
20.45296 4609.0 0.8085106382978724
20.45296 4829.0 0.6666666666666667
20.45296 4653.0 0.7446808510638299
20.45296 4873.0 0.6382978723404256
23.50601 4642.0 0.6382978723404256
20.45296 4840.0 0.6595744680851063
23.50601 5049.0 0.5833333333333333
20.45296 4807.0 0.6808510638297872
20.45296 4895.0 0.625
