24.28822 4389.0 0.8222222222222222
20.45296 4730.0 0.6739130434782609
18.595610000000004 4774.0 0.6808510638297872
20.45296 4609.0 0.6956521739130435
18.595610000000004 4510.0 0.782608695652174
24.28822 4400.0 0.8
19.276400000000002 4741.0 0.6875
18.595610000000004 4576.0 0.7173913043478262
20.45296 4928.0 0.625
24.28822 4422.0 0.7333333333333334
18.595610000000004 5236.0 0.6538461538461539
20.45296 4543.0 0.7391304347826086
23.892480000000003 5304.000000000001 0.6122448979591837
20.45296 4554.0 0.7173913043478262
23.50601 4587.0 0.6739130434782609
24.28822 4477.0 0.7111111111111111
18.595610000000004 4543.0 0.7608695652173914
23.50601 4697.0 0.6595744680851063
20.45296 4752.0 0.6666666666666667
19.276400000000002 4807.0 0.6382978723404256
20.45296 4488.0 0.782608695652174
18.595610000000004 4653.0 0.6956521739130435
18.595610000000004 4477.0 0.8478260869565217
24.28822 4279.0 0.8409090909090909
20.45296 4466.0 0.8478260869565217
21.391150000000003 4411.0 0.8
