20.2101 3910.0 0.7380952380952381
23.993100000000002 4070.0 0.6818181818181819
35.787 4050.0 0.627906976744186
35.787 3850.0 0.6341463414634146
20.2101 3740.0 0.8571428571428572
25.730399999999996 3520.0 0.6666666666666667
21.1243 3290.0 0.6944444444444444
24.865 3560.0 0.641025641025641
23.213699999999996 3670.0 0.6923076923076923
23.641000000000002 3500.0 0.6923076923076923
20.2101 3990.0 0.7142857142857143
21.1243 3220.0 0.8055555555555556
20.2101 3790.0 0.8333333333333334
20.2101 3840.0 0.7619047619047619
23.641000000000002 3600.0 0.6842105263157895
21.1243 3260.0 0.7777777777777778
20.2101 3800.0 0.7857142857142857
20.2101 4030.0 0.6976744186046512
21.1243 3190.0 0.8333333333333334
