21.1243 3130.0 0.8571428571428572
20.2101 3830.0 0.7317073170731707
20.2101 3740.0 0.7804878048780488
21.1243 3110.0 0.8857142857142857
19.426399999999997 4040.0 0.7906976744186046
20.2101 3620.0 0.8292682926829268
20.2101 3780.0 0.7560975609756098
21.1243 3730.0 0.675
20.2101 3730.0 0.8048780487804879
27.3817 3470.0 0.6842105263157895
21.1243 3330.0 0.7027027027027026
24.865 3480.0 0.6842105263157895
23.950800000000005 3590.0 0.6923076923076923
24.865 3530.0 0.6578947368421053
20.2101 3880.0 0.7142857142857143
21.1243 3150.0 0.7142857142857143
