21.1243 3290.0 0.6944444444444444
24.865 3560.0 0.641025641025641
23.641000000000002 3500.0 0.6923076923076923
21.1243 3220.0 0.7777777777777778
20.2101 4080.0 0.6818181818181819
24.865 3520.0 0.6578947368421053
21.1243 3180.0 0.8333333333333334
20.2101 3800.0 0.7804878048780488
20.2101 3820.0 0.7619047619047619
32.2681 3780.0 0.6097560975609756
22.4559 3520.0 0.6842105263157895
24.865 3400.0 0.6666666666666667
24.865 3170.0 0.8611111111111112
24.865 3280.0 0.7567567567567568
20.2101 3850.0 0.7142857142857143
20.2101 3680.0 0.8048780487804879
23.641000000000002 3600.0 0.6666666666666667
22.4559 3690.0 0.625
20.2101 3930.0 0.6904761904761905
24.865 3190.0 0.8055555555555556
