24.832200000000007 5904.000000000001 0.6111111111111112
27.03393 4895.0 0.6458333333333333
18.595610000000004 4620.0 0.8085106382978724
24.28822 4455.0 0.7111111111111111
18.595610000000004 4576.0 0.8297872340425532
20.45296 5071.0 0.6458333333333333
23.50601 4983.0 0.6326530612244898
20.45296 4521.0 0.7173913043478262
18.595610000000004 4741.0 0.7234042553191489
19.19313 4719.0 0.7234042553191489
19.19313 4631.0 0.7659574468085106
18.595610000000004 4829.0 0.6595744680851063
18.595610000000004 4653.0 0.7659574468085106
23.50601 4664.0 0.6521739130434783
19.19313 4785.0 0.6808510638297872
24.28822 4598.0 0.6666666666666667
24.28822 4554.0 0.6888888888888889
18.595610000000004 4785.0 0.7021276595744681
23.50601 4598.0 0.6956521739130435
20.45296 4653.0 0.6739130434782609
24.28822 4653.0 0.6521739130434783
18.595610000000004 4477.0 0.8478260869565217
24.28822 4279.0 0.8409090909090909
20.45296 4466.0 0.8478260869565217
21.391150000000003 4411.0 0.8
