21.8427 4785.0 0.6808510638297872
20.494980000000005 4576.0 0.7391304347826086
20.45296 4543.0 0.782608695652174
18.595610000000004 4587.0 0.7608695652173914
24.28822 4510.0 0.6888888888888889
24.28822 4653.0 0.6304347826086957
20.45296 4840.0 0.6808510638297872
20.45296 4499.0 0.8043478260869565
20.45296 4598.0 0.7173913043478262
20.45296 4576.0 0.7608695652173914
24.28822 4400.0 0.8
18.595610000000004 4565.0 0.8043478260869565
18.595610000000004 4499.0 0.8913043478260869
18.595610000000004 4609.0 0.7391304347826086
18.595610000000004 4554.0 0.8260869565217391
18.595610000000004 4697.0 0.6956521739130435
18.595610000000004 4521.0 0.8478260869565217
18.595610000000004 4675.0 0.7173913043478262
24.28822 4455.0 0.7333333333333334
18.644450000000003 4884.0 0.6808510638297872
18.644450000000003 5291.0 0.64
19.37276 4686.0 0.7021276595744681
24.28822 4422.0 0.7555555555555555
20.212390000000003 4873.0 0.6666666666666667
