24.832200000000007 5904.000000000001 0.6111111111111112
24.28822 4455.0 0.7111111111111111
20.45296 4521.0 0.7173913043478262
19.19313 4785.0 0.6808510638297872
23.50601 4675.0 0.6304347826086957
23.50601 4609.0 0.6739130434782609
20.45296 4587.0 0.6956521739130435
24.28822 4422.0 0.7777777777777778
24.28822 4400.0 0.8
30.483720000000005 5676.000000000001 0.5882352941176471
19.19313 4807.0 0.6382978723404256
18.595610000000004 4719.0 0.6956521739130435
18.595610000000004 4576.0 0.8043478260869565
23.50601 4565.0 0.6956521739130435
18.595610000000004 4796.0 0.6521739130434783
18.595610000000004 4488.0 0.8260869565217391
20.45296 4631.0 0.6521739130434783
24.28822 4510.0 0.6666666666666667
18.595610000000004 4631.0 0.7391304347826086
18.595610000000004 4587.0 0.782608695652174
18.595610000000004 4598.0 0.7608695652173914
18.595610000000004 4642.0 0.7173913043478262
18.595610000000004 4477.0 0.8478260869565217
24.28822 4279.0 0.8409090909090909
20.45296 4466.0 0.8478260869565217
21.391150000000003 4411.0 0.8
