23.50601 5390.0 0.5961538461538461
18.595610000000004 4642.0 0.7446808510638299
24.28822 4950.0 0.5833333333333333
26.301550000000002 4345.0 0.75
19.276400000000002 5137.0 0.62
21.8427 4653.0 0.6521739130434783
20.45296 4466.0 0.8478260869565217
24.28822 4378.0 0.75
21.391150000000003 4411.0 0.8
26.301550000000002 4356.0 0.6818181818181819
18.595610000000004 4829.0 0.7083333333333333
20.45296 4499.0 0.7608695652173914
18.595610000000004 4631.0 0.8085106382978724
20.45296 4906.0 0.6122448979591837
20.494980000000005 4785.0 0.6666666666666667
18.595610000000004 4730.0 0.7234042553191489
19.276400000000002 5005.0 0.6799999999999999
19.19313 5093.0 0.6666666666666667
21.391150000000003 4455.0 0.7333333333333334
21.391150000000003 4532.0 0.6888888888888889
19.19313 4697.0 0.7234042553191489
19.276400000000002 5082.0 0.6599999999999999
20.45296 4609.0 0.6739130434782609
21.391150000000003 4587.0 0.6666666666666667
21.391150000000003 4433.0 0.7555555555555555
24.28822 4543.0 0.6590909090909092
19.19313 4763.0 0.6808510638297872
20.45296 4543.0 0.7391304347826086
24.28822 4411.0 0.6818181818181819
18.595610000000004 4477.0 0.8478260869565217
24.28822 4279.0 0.8409090909090909
