24.28822 4499.0 0.7111111111111111
21.90815 4598.0 0.782608695652174
23.50601 4510.0 0.8043478260869565
18.595610000000004 4862.0 0.7446808510638299
18.595610000000004 4576.0 0.8043478260869565
18.595610000000004 4785.0 0.7659574468085106
18.595610000000004 4708.0 0.7872340425531915
20.45296 4708.0 0.7234042553191489
18.595610000000004 4994.0 0.7142857142857143
20.45296 4763.0 0.7173913043478262
23.50601 4598.0 0.6956521739130435
23.50601 4587.0 0.7173913043478262
24.28822 4576.0 0.6666666666666667
20.45296 4664.0 0.7659574468085106
23.50601 4730.0 0.6739130434782609
20.45296 4532.0 0.8478260869565217
21.844790000000003 4664.0 0.7446808510638299
18.595610000000004 4983.0 0.7346938775510203
20.45296 4653.0 0.7872340425531915
20.45296 4785.0 0.7021276595744681
24.28822 4455.0 0.7333333333333334
24.28822 4400.0 0.8
21.844790000000003 4730.0 0.6808510638297872
23.50601 4664.0 0.6808510638297872
21.981850000000005 4642.0 0.7446808510638299
23.50601 4543.0 0.7608695652173914
21.844790000000003 4939.0 0.6734693877551021
20.45296 4774.0 0.7083333333333333
22.356180000000005 5027.0 0.653061224489796
21.981850000000005 4906.0 0.6666666666666667
24.28822 4378.0 0.8222222222222222
23.50601 4796.0 0.6382978723404256
24.28822 4752.0 0.6595744680851063
22.356180000000005 4785.0 0.6734693877551021
22.356180000000005 5093.0 0.6122448979591837
21.844790000000003 5049.0 0.6326530612244898
