18.595610000000004 4642.0 0.7446808510638299
24.28822 4950.0 0.5833333333333333
19.276400000000002 5137.0 0.62
20.45296 4466.0 0.8478260869565217
21.391150000000003 4411.0 0.8
26.301550000000002 4356.0 0.6818181818181819
18.595610000000004 4631.0 0.8085106382978724
20.45296 4906.0 0.6122448979591837
21.391150000000003 4455.0 0.7333333333333334
21.391150000000003 4433.0 0.7555555555555555
20.45296 4543.0 0.7391304347826086
24.28822 4411.0 0.6818181818181819
18.595610000000004 4818.0 0.6595744680851063
19.19313 4686.0 0.6808510638297872
24.28822 4301.0 0.75
19.19313 5060.0 0.653061224489796
21.391150000000003 4389.0 0.8666666666666667
20.45296 4609.0 0.6521739130434783
24.28822 4290.0 0.7954545454545454
24.28822 4345.0 0.7272727272727273
18.595610000000004 4697.0 0.7234042553191489
20.45296 4488.0 0.7608695652173914
21.391150000000003 4510.0 0.6666666666666667
21.391150000000003 4422.0 0.7777777777777778
26.301550000000002 4477.0 0.6363636363636364
19.276400000000002 5049.0 0.64
24.28822 4389.0 0.7045454545454546
23.50601 5126.0 0.5800000000000001
24.28822 4444.0 0.6590909090909092
21.391150000000003 4675.0 0.6222222222222222
18.595610000000004 4477.0 0.8478260869565217
24.28822 4279.0 0.8409090909090909
