23.938970000000005 2673.0 0.5720000000000001
24.00013 2233.0 0.8608695652173914
17.90283 2409.0 0.7333333333333335
17.90283 2354.0 0.9166666666666667
17.90283 2343.0 1.0083333333333333
17.90283 2376.0 0.8708333333333333
21.742929999999998 2354.0 0.7791666666666667
21.742929999999998 2420.0 0.6875
22.027829999999998 2343.0 0.9166666666666667
24.00013 2299.0 0.6695652173913045
23.938970000000005 2354.0 0.7333333333333335
24.00013 2255.0 0.8130434782608695
22.027829999999998 2684.0 0.6346153846153846
24.00013 2321.0 0.6217391304347827
17.90283 2464.0 0.6875
17.90283 2387.0 0.7791666666666667
24.099020000000003 2607.0 0.6160000000000001
21.742929999999998 2398.0 0.7333333333333335
21.742929999999998 2497.0 0.6416666666666666
22.027829999999998 2409.0 0.6875
24.00013 2266.0 0.7173913043478262
