24.00013 2255.0 0.7173913043478262
24.00013 2244.0 0.7652173913043478
24.00013 2288.0 0.6695652173913045
27.23017 2211.0 0.7652173913043478
24.00013 2200.0 0.8130434782608695
21.547680000000003 2750.0 0.5923076923076923
25.5156 2376.0 0.5739130434782609
21.547680000000003 2574.0 0.66
20.30809 2673.0 0.676923076923077
20.827730000000003 2453.0 0.6875
20.30809 2343.0 0.8708333333333333
20.30809 2497.0 0.6875
22.027829999999998 2420.0 0.7333333333333335
21.547680000000003 2442.0 0.6875
20.827730000000003 2420.0 0.7791666666666667
20.30809 2398.0 0.8250000000000001
20.30809 2442.0 0.7333333333333335
24.00013 2299.0 0.6217391304347827
