14.0 1870.0 0.7142857142857143
14.3 2101.0 0.38095238095238093
16.0 1910.0 0.4285714285714286
12.0 1950.0 0.5909090909090908
14.3 2299.0 0.36363636363636365
11.0 2167.0 0.4545454545454546
16.0 1860.0 0.5238095238095238
12.0 1970.0 0.4545454545454546
11.0 2057.0 0.5238095238095238
16.0 1830.0 0.7619047619047619
16.0 1970.0 0.38095238095238093
14.0 1930.0 0.4285714285714286
14.0 1880.0 0.5714285714285714
11.0 2101.0 0.47619047619047616
16.0 1840.0 0.6190476190476191
14.0 1860.0 0.7619047619047619
11.0 2024.0000000000002 0.5714285714285714
11.0 1980.0000000000002 0.6666666666666667
