15.400000000000002 2728.0 0.3076923076923077
14.0 1910.0 0.5238095238095238
11.0 2046.0000000000002 0.5714285714285714
11.0 2079.0 0.38095238095238093
12.0 1920.0 0.7272727272727273
11.0 2057.0 0.5238095238095238
12.0 1980.0 0.5909090909090908
14.0 2170.0 0.31818181818181823
14.0 1940.0 0.47619047619047616
14.0 1840.0 0.6666666666666667
11.0 2002.0000000000002 0.6190476190476191
14.0 1860.0 0.6190476190476191
12.0 2010.0 0.5
12.0 1960.0 0.6818181818181819
12.0 1990.0 0.5454545454545454
14.0 1880.0 0.5714285714285714
18.0 1770.0 0.6
18.0 1850.0 0.55
18.0 1920.0 0.5
14.0 1950.0 0.33333333333333337
