16.0 1910.0 0.4285714285714286
15.0 1930.0 0.5909090909090908
12.0 1910.0 0.7272727272727273
15.0 1970.0 0.5454545454545454
12.0 2000.0 0.5
11.0 2035.0000000000002 0.6190476190476191
11.0 2013.0000000000002 0.6666666666666667
16.0 1870.0 0.5714285714285714
15.0 2040.0 0.40909090909090906
12.0 2140.0 0.4347826086956522
16.0 1840.0 0.6190476190476191
11.0 2420.0 0.45833333333333337
12.0 2040.0 0.4545454545454546
12.0 1950.0 0.6363636363636364
11.0 2123.0 0.47619047619047616
16.0 1830.0 0.7142857142857143
16.0 1890.0 0.5238095238095238
12.100000000000001 2134.0 0.38095238095238093
12.100000000000001 2090.0 0.4285714285714286
11.0 2068.0 0.5238095238095238
12.0 1960.0 0.5909090909090908
11.0 2046.0000000000002 0.5714285714285714
16.0 1900.0 0.47619047619047616
