13.0 2600.0 0.4444444444444444
14.0 2490.0 0.46153846153846156
14.0 2360.0 0.7692307692307692
13.0 2510.0 0.4814814814814815
10.0 2670.0 0.5517241379310345
14.0 2390.0 0.6153846153846154
10.0 2810.0 0.4482758620689655
13.0 2430.0 0.5555555555555556
16.0 2540.0 0.42307692307692313
14.0 2450.0 0.5
14.0 2510.0 0.4444444444444444
14.0 2410.0 0.5384615384615384
12.0 2690.0 0.4642857142857143
12.0 2560.0 0.5714285714285714
16.0 2430.0 0.5
16.0 2380.0 0.6153846153846154
14.0 2380.0 0.6538461538461539
10.0 2720.0 0.5172413793103448
14.0 2370.0 0.6923076923076923
10.0 2650.0 0.6206896551724138
10.0 2440.0 0.64
14.0 2570.0 0.3846153846153846
10.0 2410.0 0.72
12.0 2650.0 0.5
