19.426399999999997 3200.0 0.8611111111111112
19.426399999999997 3300.0 0.75
21.1243 3090.0 0.8571428571428572
21.1243 3220.0 0.7428571428571429
19.426399999999997 3250.0 0.7777777777777778
24.433400000000002 3390.0 0.7027027027027026
19.426399999999997 3230.0 0.8055555555555556
21.1243 3270.0 0.7142857142857143
21.1243 3150.0 0.7714285714285715
21.1243 3070.0 0.9142857142857143
19.1669 3290.0 0.8108108108108107
19.1669 3350.0 0.7837837837837838
19.426399999999997 3220.0 0.8333333333333334
19.1669 3480.0 0.7105263157894737
20.2198 3180.0 0.8611111111111112
21.1243 3140.0 0.8
19.426399999999997 3470.0 0.7105263157894737
23.213699999999996 3130.0 0.8285714285714285
19.426399999999997 3160.0 0.8888888888888888
20.2198 3210.0 0.8333333333333334
19.426399999999997 3350.0 0.7297297297297297
24.865 3380.0 0.6486486486486487
24.865 3330.0 0.7027027027027026
21.1243 3520.0 0.6842105263157895
