24.865 3620.0 0.6
20.8881 3030.0 0.7941176470588236
21.1243 3370.0 0.6944444444444444
23.4048 3220.0 0.6857142857142857
20.8881 3400.0 0.6486486486486487
31.668599999999994 3360.0 0.6486486486486487
27.3817 3360.0 0.6756756756756757
20.8881 3010.0 0.8235294117647058
20.8881 2990.0 0.8529411764705882
20.8881 3060.0 0.7352941176470589
24.9151 3140.0 0.7058823529411764
23.641000000000002 3390.0 0.6756756756756757
27.3817 3590.0 0.631578947368421
20.8881 3180.0 0.7058823529411764
20.3776 4040.0 0.7272727272727273
20.3776 4030.0 0.7954545454545454
20.3776 4000.0 0.8409090909090909
20.2101 4060.0 0.8181818181818181
20.821499999999997 3950.0 0.9047619047619048
