17.90283 1408.0 0.8800000000000001
17.90283 1947.0000000000002 0.4631578947368421
17.521920000000005 2076.0000000000005 0.6947368421052633
17.521920000000005 2088.0000000000005 0.568421052631579
17.90283 1650.0000000000002 0.6470588235294118
17.72606 1562.0000000000002 0.6875
17.521920000000005 1848.0000000000002 0.7058823529411766
17.72606 1507.0000000000002 0.8250000000000001
17.90283 1705.0000000000002 0.5176470588235295
17.521920000000005 1764.0000000000002 0.8470588235294119
17.90283 1430.0000000000002 0.7333333333333335
17.72606 1529.0000000000002 0.7562500000000001
17.90283 1672.0000000000002 0.5823529411764706
17.72606 1760.0000000000002 0.6111111111111112
17.72606 1837.0000000000002 0.55
17.90283 1474.0000000000002 0.66
17.72606 1749.0000000000002 0.6722222222222223
17.521920000000005 1812.0000000000002 0.7764705882352941
17.90283 1419.0000000000002 0.8066666666666668
