17.72606 1496.0000000000002 0.89375
17.90283 1441.0000000000002 0.7333333333333335
17.72606 1837.0000000000002 0.55
17.72606 1738.0000000000002 0.6722222222222223
17.90283 1650.0000000000002 0.5823529411764706
17.72606 1584.0000000000002 0.6875
17.72606 1771.0000000000002 0.6111111111111112
17.90283 1408.0 0.8066666666666668
17.90283 1639.0000000000002 0.6470588235294118
17.90283 1694.0000000000002 0.5176470588235295
17.90283 1474.0000000000002 0.66
17.72606 1507.0000000000002 0.7562500000000001
