17.90283 1408.0 0.8800000000000001
17.521920000000005 2088.0000000000005 0.568421052631579
17.72606 1562.0000000000002 0.6875
17.72606 1507.0000000000002 0.8250000000000001
17.521920000000005 1764.0000000000002 0.8470588235294119
17.72606 1529.0000000000002 0.7562500000000001
17.72606 1760.0000000000002 0.6111111111111112
17.90283 1727.0000000000002 0.38823529411764707
17.72606 1782.0000000000002 0.55
17.521920000000005 1932.0000000000002 0.6352941176470589
17.72606 1606.0000000000002 0.61875
17.90283 1628.0000000000002 0.55
17.521920000000005 2064.0000000000005 0.6315789473684212
17.521920000000005 1776.0000000000002 0.7058823529411766
17.90283 1496.0000000000002 0.5866666666666667
17.90283 1419.0000000000002 0.7333333333333335
17.90283 1683.0000000000002 0.5176470588235295
17.90283 1463.0000000000002 0.66
20.819590000000005 1650.0000000000002 0.5176470588235295
