42.00742000000001 6500.000000000001 0.5849056603773585
24.28822 4411.0 0.8888888888888888
18.595610000000004 5005.0 0.6734693877551021
24.28822 4543.0 0.7111111111111111
20.45296 4510.0 0.8043478260869565
24.28822 4422.0 0.8666666666666667
23.50601 4983.0 0.6041666666666667
21.374650000000003 4994.0 0.6326530612244898
18.595610000000004 4928.0 0.6875
20.45296 4554.0 0.782608695652174
24.28822 4466.0 0.7333333333333334
19.20248 4807.0 0.6666666666666667
18.595610000000004 4752.0 0.7083333333333333
23.50601 4565.0 0.7173913043478262
24.28822 4455.0 0.7555555555555555
20.45296 4587.0 0.6521739130434783
24.28822 4642.0 0.6444444444444444
20.45296 4565.0 0.7608695652173914
19.20248 4928.0 0.6458333333333333
20.494980000000005 4510.0 0.7608695652173914
23.50601 4873.0 0.6458333333333333
20.45296 4928.0 0.6382978723404256
24.28822 4763.0 0.6382978723404256
