18.595610000000004 4818.0 0.7021276595744681
18.595610000000004 4829.0 0.6808510638297872
24.28822 4543.0 0.6888888888888889
18.595610000000004 4774.0 0.7391304347826086
19.19313 4543.0 0.7391304347826086
24.28822 4466.0 0.7333333333333334
23.50601 4642.0 0.6521739130434783
24.28822 4444.0 0.7777777777777778
20.45296 4499.0 0.782608695652174
24.28822 4455.0 0.7555555555555555
18.595610000000004 4565.0 0.8297872340425532
24.28822 4422.0 0.8222222222222222
18.595610000000004 4576.0 0.7608695652173914
19.19313 4598.0 0.7173913043478262
20.45296 4752.0 0.6808510638297872
23.50601 4741.0 0.6304347826086957
23.50601 4543.0 0.6956521739130435
20.45296 4466.0 0.8260869565217391
19.19313 4785.0 0.6808510638297872
20.494980000000005 4587.0 0.7173913043478262
18.595610000000004 4697.0 0.7446808510638299
19.19313 4840.0 0.6595744680851063
20.45296 4664.0 0.6956521739130435
23.50601 4521.0 0.7173913043478262
