24.28822 4411.0 0.8888888888888888
24.28822 4466.0 0.7333333333333334
19.20248 4807.0 0.6666666666666667
18.595610000000004 4752.0 0.7083333333333333
23.50601 4565.0 0.7173913043478262
24.28822 4455.0 0.7555555555555555
20.45296 4587.0 0.6521739130434783
24.28822 4642.0 0.6444444444444444
19.20248 4928.0 0.6458333333333333
20.45296 4477.0 0.782608695652174
21.374650000000003 5104.0 0.6122448979591837
20.45296 4818.0 0.6382978723404256
18.595610000000004 4895.0 0.6666666666666667
24.28822 4521.0 0.6888888888888889
24.28822 4433.0 0.7777777777777778
24.28822 4895.0 0.5833333333333333
18.595610000000004 4774.0 0.6875
20.45296 4488.0 0.7608695652173914
18.595610000000004 4675.0 0.875
20.494980000000005 4840.0 0.6170212765957447
23.50601 4664.0 0.6304347826086957
20.45296 4576.0 0.7173913043478262
18.595610000000004 4741.0 0.7708333333333334
18.595610000000004 4730.0 0.8125
24.28822 4422.0 0.8222222222222222
23.50601 4884.0 0.6041666666666667
24.28822 4576.0 0.6666666666666667
