35.48076000000001 6108.000000000001 0.6181818181818182
18.595610000000004 4631.0 0.8085106382978724
24.28822 4422.0 0.7555555555555555
18.595610000000004 4598.0 0.8297872340425532
25.86960000000001 5652.000000000001 0.6274509803921569
28.086630000000003 4983.0 0.62
19.276400000000002 5159.0 0.6326530612244898
20.45296 4664.0 0.6739130434782609
20.45296 4521.0 0.782608695652174
24.28822 4488.0 0.6888888888888889
20.45296 4554.0 0.7391304347826086
18.595610000000004 4829.0 0.6808510638297872
19.276400000000002 5005.0 0.6734693877551021
18.595610000000004 4763.0 0.7021276595744681
20.45296 4686.0 0.6521739130434783
18.595610000000004 5027.0 0.6458333333333333
18.595610000000004 4719.0 0.7234042553191489
20.45296 5148.0 0.64
18.595610000000004 4675.0 0.7659574468085106
20.45296 4598.0 0.7173913043478262
19.19313 4642.0 0.7659574468085106
18.595610000000004 4697.0 0.7446808510638299
20.45296 4653.0 0.6956521739130435
18.595610000000004 4477.0 0.8478260869565217
24.28822 4279.0 0.8409090909090909
20.45296 4466.0 0.8478260869565217
21.391150000000003 4411.0 0.8
