20.45296 4686.0 0.6521739130434783
19.37276 4741.0 0.7234042553191489
19.37276 4664.0 0.8085106382978724
19.37276 4686.0 0.7446808510638299
20.24462 4598.0 0.8297872340425532
20.24462 4708.0 0.7234042553191489
19.37276 4653.0 0.8723404255319149
20.24462 4675.0 0.7872340425531915
24.28822 4730.0 0.5869565217391304
20.24462 4730.0 0.7021276595744681
20.45296 4653.0 0.6739130434782609
22.625790000000006 5049.0 0.6326530612244898
24.28822 4411.0 0.7777777777777778
23.50601 4620.0 0.6521739130434783
20.494980000000005 4477.0 0.8260869565217391
20.45296 4510.0 0.782608695652174
24.28822 4422.0 0.6888888888888889
20.45296 4466.0 0.8478260869565217
24.28822 4389.0 0.8222222222222222
20.45296 4532.0 0.6956521739130435
23.50601 4994.0 0.6326530612244898
23.50601 4598.0 0.6739130434782609
24.28822 4576.0 0.6666666666666667
20.45296 4774.0 0.6382978723404256
