24.28822 4422.0 0.7555555555555555
19.276400000000002 5159.0 0.6326530612244898
20.45296 4521.0 0.782608695652174
20.45296 4554.0 0.7391304347826086
20.45296 4686.0 0.6521739130434783
18.595610000000004 4939.0 0.6458333333333333
24.28822 4653.0 0.6444444444444444
20.45296 4598.0 0.6956521739130435
18.595610000000004 4785.0 0.6739130434782609
19.19313 4741.0 0.7021276595744681
23.50601 4532.0 0.7391304347826086
23.50601 4675.0 0.6521739130434783
20.45296 4763.0 0.6382978723404256
20.69969 4950.0 0.6326530612244898
18.595610000000004 4752.0 0.6956521739130435
18.595610000000004 4576.0 0.7173913043478262
20.45296 4642.0 0.6739130434782609
24.28822 4411.0 0.782608695652174
24.28822 4741.0 0.6382978723404256
23.50601 4906.0 0.6041666666666667
24.28822 4510.0 0.6666666666666667
24.28822 4466.0 0.6888888888888889
18.595610000000004 4532.0 0.7608695652173914
30.639960000000006 5988.000000000001 0.6037735849056604
18.595610000000004 4477.0 0.8478260869565217
24.28822 4279.0 0.8409090909090909
20.45296 4466.0 0.8478260869565217
21.391150000000003 4411.0 0.8
