20.27839 3927.0000000000005 0.7692307692307692
26.876740000000005 3542.0000000000005 0.8055555555555556
38.312430000000006 5525.000000000001 0.6521739130434783
42.61426 4797.000000000001 0.625
20.27839 3828.0000000000005 0.8461538461538461
29.838 4356.000000000001 0.675
35.596210000000006 4628.000000000001 0.6666666666666667
38.312430000000006 5239.000000000001 0.6590909090909092
20.27839 4092.0000000000005 0.725
21.36904 3674.0000000000005 0.8108108108108107
21.36904 3927.0000000000005 0.6842105263157895
26.876740000000005 3663.0000000000005 0.7222222222222222
26.876740000000005 3597.0000000000005 0.7777777777777778
21.08359 3905.0000000000005 0.7105263157894737
20.27839 3839.0000000000005 0.8205128205128205
21.08359 3751.0000000000005 0.736842105263158
26.876740000000005 3740.0000000000005 0.7027027027027026
21.08359 3652.0000000000005 0.8378378378378378
26.876740000000005 3619.0000000000005 0.75
21.08359 3707.0000000000005 0.7567567567567568
21.08359 3685.0000000000005 0.8108108108108107
21.36904 3509.0000000000005 0.8888888888888888
22.976910000000004 3498.0000000000005 0.8611111111111112
