22.976910000000004 3311.0000000000005 0.8529411764705882
22.976910000000004 3850.0000000000005 0.6756756756756757
22.976910000000004 3278.0000000000005 0.8823529411764706
25.745280000000005 3850.0000000000005 0.6578947368421053
22.976910000000004 3388.0000000000005 0.7647058823529411
22.976910000000004 3619.0000000000005 0.7027027027027026
22.976910000000004 3322.0000000000005 0.7941176470588236
28.085760000000008 4200.000000000001 0.5945945945945945
22.976910000000004 3399.0000000000005 0.7058823529411764
25.349160000000005 4140.000000000001 0.6578947368421053
