42.61426 4797.000000000001 0.625
29.838 4356.000000000001 0.675
35.596210000000006 4628.000000000001 0.6666666666666667
21.36904 3927.0000000000005 0.6842105263157895
21.08359 3905.0000000000005 0.7105263157894737
21.08359 3751.0000000000005 0.736842105263158
26.876740000000005 3740.0000000000005 0.7027027027027026
24.159840000000003 4548.000000000001 0.675
46.52310000000001 4979.000000000001 0.6097560975609756
26.876740000000005 3652.0000000000005 0.7222222222222222
34.00930000000001 4862.000000000001 0.6585365853658536
35.596210000000006 4810.000000000001 0.641025641025641
24.314840000000004 3916.0000000000005 0.6842105263157895
20.27839 3883.0000000000005 0.7435897435897436
21.08359 3509.0000000000005 0.8333333333333334
26.876740000000005 3509.0000000000005 0.7714285714285715
26.876740000000005 3575.0000000000005 0.7428571428571429
21.08359 3707.0000000000005 0.75
20.27839 3729.0000000000005 0.7631578947368421
26.876740000000005 3542.0000000000005 0.75
26.876740000000005 3399.0000000000005 0.8857142857142857
20.679890000000004 3608.0000000000005 0.8108108108108107
20.27839 3938.0000000000005 0.717948717948718
24.314840000000004 3487.0000000000005 0.8333333333333334
36.37556000000001 5447.000000000001 0.6
26.876740000000005 3421.0000000000005 0.8
20.27839 3905.0000000000005 0.736842105263158
20.27839 3652.0000000000005 0.8918918918918919
21.08359 3553.0000000000005 0.8055555555555556
20.27839 3718.0000000000005 0.8108108108108107
21.08359 3674.0000000000005 0.7837837837837838
22.976910000000004 3498.0000000000005 0.8611111111111112
