34.53468000000001 7068.000000000001 0.65625
30.751820000000006 6050.000000000001 0.7704918032786885
26.564670000000007 6039.000000000001 0.85
24.319900000000004 6721.000000000001 0.7313432835820896
28.086630000000003 6072.000000000001 0.7540983606557377
28.086630000000003 6050.000000000001 0.7868852459016393
28.086630000000003 6138.000000000001 0.7213114754098361
26.09387 6105.000000000001 0.7833333333333333
23.902670000000004 6710.000000000001 0.7462686567164178
28.086630000000003 6182.000000000001 0.6885245901639344
32.8801 6039.000000000001 0.8253968253968254
23.82985 6853.000000000001 0.7205882352941176
23.82985 6941.000000000001 0.7014925373134329
