30.639960000000006 7056.000000000001 0.6349206349206349
38.134440000000005 6864.000000000001 0.6507936507936508
20.008890000000005 6226.000000000001 0.7777777777777778
36.722280000000005 6960.000000000001 0.6190476190476191
21.8427 6688.000000000001 0.6515151515151515
21.8427 6457.000000000001 0.65625
21.34924 6061.000000000001 0.8064516129032258
26.564670000000007 6006.000000000001 0.6666666666666667
30.304120000000005 5896.000000000001 0.7333333333333334
21.97624 6094.000000000001 0.7096774193548387
21.34924 6358.000000000001 0.6935483870967742
21.1453 6985.000000000001 0.7058823529411764
25.12433 6083.000000000001 0.7
25.12433 6127.000000000001 0.6666666666666667
21.34924 6215.000000000001 0.7580645161290323
21.82092 6336.000000000001 0.7096774193548387
25.12433 5973.000000000001 0.7333333333333334
21.8427 6160.000000000001 0.7419354838709677
21.8427 6281.000000000001 0.6612903225806452
25.12433 5995.000000000001 0.7166666666666667
20.24462 6237.000000000001 0.7419354838709677
21.8427 6127.000000000001 0.7741935483870968
20.212390000000003 6248.000000000001 0.7619047619047619
20.24462 6193.000000000001 0.7741935483870968
21.8427 6237.000000000001 0.7258064516129032
20.008890000000005 6358.000000000001 0.7142857142857143
21.82092 6303.000000000001 0.7258064516129032
21.82092 6292.000000000001 0.7301587301587302
20.008890000000005 6303.000000000001 0.7301587301587302
25.12433 5709.000000000001 0.7457627118644068
20.13737 5852.000000000001 0.85
21.34924 5819.000000000001 0.8305084745762712
