24.883540000000004 6248.000000000001 0.7142857142857143
24.883540000000004 6237.000000000001 0.7936507936507937
24.883540000000004 6380.000000000001 0.6825396825396826
24.883540000000004 6402.000000000001 0.6666666666666667
24.883540000000004 6171.000000000001 0.8412698412698413
29.561730000000004 6160.000000000001 0.639344262295082
29.561730000000004 5995.000000000001 0.7049180327868853
29.561730000000004 6072.000000000001 0.6885245901639344
24.883540000000004 6347.000000000001 0.6984126984126984
29.561730000000004 6116.000000000001 0.6557377049180328
24.883540000000004 6600.000000000001 0.609375
