21.8427 6457.000000000001 0.65625
26.564670000000007 6006.000000000001 0.6666666666666667
21.97624 6094.000000000001 0.7096774193548387
25.12433 6083.000000000001 0.7
25.12433 6127.000000000001 0.6666666666666667
21.8427 6281.000000000001 0.6612903225806452
25.12433 5995.000000000001 0.7166666666666667
25.12433 6105.000000000001 0.6833333333333333
30.304120000000005 5940.000000000001 0.7
21.8427 6171.000000000001 0.7096774193548387
21.34924 6347.000000000001 0.6885245901639344
22.99858 6171.000000000001 0.6885245901639344
21.1453 6182.000000000001 0.6935483870967742
25.12433 5819.000000000001 0.728813559322034
20.008890000000005 6380.000000000001 0.6825396825396826
28.086630000000003 6083.000000000001 0.6557377049180328
20.008890000000005 5984.000000000001 0.819672131147541
20.008890000000005 6138.000000000001 0.7213114754098361
21.8427 6490.000000000001 0.6190476190476191
20.008890000000005 6347.000000000001 0.7049180327868853
20.008890000000005 6028.000000000001 0.7377049180327868
22.99858 6072.000000000001 0.7333333333333334
20.13737 6204.000000000001 0.7049180327868853
22.99858 5995.000000000001 0.8166666666666667
25.12433 5709.000000000001 0.7457627118644068
20.13737 5852.000000000001 0.85
21.34924 5819.000000000001 0.8305084745762712
