20.45296 2387.0 0.76
13.593029999999999 2552.0 0.5769230769230769
44.55230000000001 3614.000000000001 0.4482758620689655
13.593029999999999 2420.0 0.76
21.8427 3201.0000000000005 0.4838709677419355
21.8427 3256.0000000000005 0.46875
14.339270000000003 2783.0 0.5185185185185186
13.593029999999999 2453.0 0.6
13.593029999999999 2860.0000000000005 0.5
13.593029999999999 2442.0 0.6799999999999999
13.593029999999999 2651.0 0.5384615384615384
20.45296 2431.0 0.72
13.593029999999999 2827.0000000000005 0.5185185185185186
21.90815 2354.0 0.92
20.45296 2376.0 0.88
