20.45296 2365.0 0.84
20.45296 2453.0 0.6
20.45296 2376.0 0.76
20.45296 2431.0 0.6799999999999999
19.669560000000004 3756.0000000000005 0.4545454545454546
20.45296 2420.0 0.72
20.45296 2442.0 0.64
20.444270000000003 3355.0000000000005 0.4545454545454546
13.593029999999999 2442.0 0.6799999999999999
13.593029999999999 2926.0000000000005 0.4642857142857143
14.339270000000003 2728.0 0.5185185185185186
13.593029999999999 2420.0 0.76
13.593029999999999 2783.0 0.5357142857142857
13.593029999999999 2431.0 0.72
14.339270000000003 2585.0 0.5384615384615384
13.593029999999999 2409.0 0.8
13.593029999999999 2607.0 0.5384615384615384
14.339270000000003 2860.0000000000005 0.5
13.593029999999999 2464.0 0.56
20.45296 2343.0 0.92
