23.31168 3108.0000000000005 0.7931034482758621
28.085760000000008 3540.0000000000005 0.5625
23.31168 3048.0000000000005 0.8275862068965517
25.065720000000006 2976.0000000000005 0.8214285714285714
29.320080000000008 2976.0000000000005 0.75
29.320080000000008 3288.0000000000005 0.6333333333333333
24.80916 3480.0000000000005 0.7
25.065720000000006 3108.0000000000005 0.7142857142857143
28.085760000000008 3156.0000000000005 0.6896551724137931
25.065720000000006 3372.0000000000005 0.6774193548387097
23.31168 3504.0000000000005 0.6875
29.320080000000008 3240.0000000000005 0.6551724137931034
23.31168 3168.0000000000005 0.7241379310344828
23.31168 3132.0000000000005 0.7586206896551724
25.065720000000006 3072.0000000000005 0.7857142857142857
25.065720000000006 3348.0000000000005 0.7096774193548387
23.31168 3528.0000000000005 0.65625
28.085760000000008 3300.0000000000005 0.6551724137931034
25.065720000000006 3084.0000000000005 0.75
23.31168 3372.0000000000005 0.71875
29.320080000000008 3048.0000000000005 0.7142857142857143
23.31168 3492.0000000000005 0.7096774193548387
29.320080000000008 2928.0000000000005 0.8571428571428572
