23.31168 3444.0000000000005 0.6875
29.146390000000004 4004.000000000001 0.6666666666666667
23.31168 3180.0000000000005 0.8666666666666667
28.34676000000001 4134.000000000001 0.6470588235294117
29.320080000000008 2988.0000000000005 0.75
23.31168 3192.0000000000005 0.8333333333333334
34.00930000000001 4095.000000000001 0.6470588235294117
23.31168 3168.0000000000005 0.9333333333333333
23.31168 3264.0000000000005 0.7333333333333334
25.254320000000003 4160.000000000001 0.6857142857142857
29.320080000000008 3276.0000000000005 0.6666666666666667
25.254320000000003 4173.000000000001 0.6571428571428571
23.31168 3228.0000000000005 0.7666666666666666
40.245000000000005 3924.0000000000005 0.5714285714285714
29.320080000000008 2952.0000000000005 0.7857142857142857
29.320080000000008 3096.0000000000005 0.6785714285714286
34.63692 3576.0000000000005 0.65625
36.65779000000001 3757.000000000001 0.6451612903225806
30.733300000000007 4121.000000000001 0.6470588235294117
29.320080000000008 3036.0000000000005 0.7142857142857143
40.245000000000005 3456.0000000000005 0.6129032258064516
