28.085760000000008 3540.0000000000005 0.5625
29.320080000000008 3288.0000000000005 0.6333333333333333
28.085760000000008 3156.0000000000005 0.6896551724137931
29.320080000000008 3108.0000000000005 0.6785714285714286
35.596210000000006 3406.000000000001 0.6206896551724138
25.065720000000006 2976.0000000000005 0.75
23.31168 3156.0000000000005 0.7241379310344828
25.065720000000006 2952.0000000000005 0.8571428571428572
25.065720000000006 3060.0000000000005 0.7142857142857143
23.31168 3036.0000000000005 0.8275862068965517
23.31168 3048.0000000000005 0.7931034482758621
25.065720000000006 2964.0000000000005 0.7857142857142857
23.31168 3216.0000000000005 0.6896551724137931
23.31168 3252.0000000000005 0.6551724137931034
23.31168 3084.0000000000005 0.7586206896551724
23.31168 3600.0000000000005 0.625
29.320080000000008 3216.0000000000005 0.6551724137931034
29.320080000000008 3024.0000000000005 0.7142857142857143
28.085760000000008 3516.0000000000005 0.59375
25.065720000000006 3168.0000000000005 0.6785714285714286
29.320080000000008 2928.0000000000005 0.8571428571428572
