40.30000000000001 5993.000000000001 0.45833333333333337
25.3 4444.0 0.5813953488372092
18.700000000000003 4631.0 0.5333333333333333
25.3 4466.0 0.5348837209302326
17.0 4740.0 0.5800000000000001
19.8 4620.0 0.6222222222222222
22.0 4257.0 0.6904761904761905
17.0 4640.0 0.5833333333333333
17.6 5764.000000000001 0.4727272727272728
18.700000000000003 5170.0 0.5306122448979591
20.900000000000002 4774.0 0.5217391304347826
17.6 4741.0 0.5777777777777777
17.6 4917.0 0.5319148936170213
16.5 5192.0 0.5714285714285714
17.6 4873.0 0.5531914893617021
16.5 4884.0 0.5957446808510638
22.0 4488.0 0.5348837209302326
16.5 4873.0 0.6170212765957447
22.0 4323.0 0.5952380952380952
17.0 4580.0 0.625
17.0 4440.0 0.6458333333333333
17.0 4380.0 0.6875
27.500000000000004 4367.0 0.5714285714285714
16.5 5115.0 0.5800000000000001
28.6 4246.0 0.5121951219512195
16.5 4763.0 0.7021276595744681
20.900000000000002 4543.0 0.6136363636363636
16.5 4796.0 0.6382978723404256
22.0 4301.0 0.6428571428571428
28.6 4092.0000000000005 0.8292682926829268
18.700000000000003 5324.0 0.4901960784313726
16.5 5423.0 0.49056603773584906
22.0 4224.0 0.7142857142857143
19.8 4345.0 0.7674418604651163
16.5 4752.0 0.7234042553191489
19.8 4851.0 0.4782608695652174
15.400000000000002 4961.0 0.6326530612244898
28.6 4312.0 0.46341463414634143
27.500000000000004 4477.0 0.47619047619047616
22.0 4620.0 0.4772727272727273
27.500000000000004 4191.0 0.6666666666666667
