15.400000000000002 4961.0 0.6122448979591837
19.8 4554.0 0.5348837209302326
16.5 4928.0 0.5833333333333333
15.400000000000002 5203.0 0.5510204081632653
25.3 4378.0 0.5813953488372092
22.0 4444.0 0.5348837209302326
15.400000000000002 5104.0 0.5918367346938775
16.5 4829.0 0.6382978723404256
15.400000000000002 5126.0 0.5714285714285714
22.0 4345.0 0.6190476190476191
16.5 4851.0 0.5957446808510638
22.0 4433.0 0.5952380952380952
25.3 4389.0 0.5348837209302326
22.0 4576.0 0.5116279069767442
22.0 4312.0 0.6428571428571428
17.6 4598.0 0.5227272727272727
19.8 4499.0 0.6511627906976745
28.6 4136.0 0.5609756097560976
20.900000000000002 5577.0 0.4716981132075472
17.6 4532.0 0.5909090909090908
19.8 4466.0 0.6744186046511628
25.3 4301.0 0.5952380952380952
15.400000000000002 5093.0 0.6041666666666667
27.500000000000004 4697.0 0.4222222222222223
22.0 4422.0 0.6046511627906976
16.5 5038.0 0.5416666666666667
19.8 4400.0 0.7209302325581395
16.5 5027.0 0.5625
28.6 4092.0000000000005 0.8292682926829268
18.700000000000003 5324.0 0.4901960784313726
16.5 5423.0 0.49056603773584906
22.0 4224.0 0.7142857142857143
19.8 4345.0 0.7674418604651163
16.5 4752.0 0.7234042553191489
19.8 4851.0 0.4782608695652174
17.6 4444.0 0.6818181818181819
28.6 4312.0 0.46341463414634143
27.500000000000004 4477.0 0.47619047619047616
22.0 4620.0 0.4772727272727273
27.500000000000004 4191.0 0.6666666666666667
17.0 4530.0 0.7551020408163265
