27.500000000000004 4818.0 0.48888888888888893
16.5 5214.0 0.5
28.6 4257.0 0.6190476190476191
16.5 5423.0 0.49056603773584906
22.0 4224.0 0.7142857142857143
19.8 4345.0 0.7674418604651163
18.700000000000003 5324.0 0.4901960784313726
17.6 4609.0 0.5111111111111111
25.3 4345.0 0.5952380952380952
27.500000000000004 4345.0 0.5
22.0 4422.0 0.5238095238095238
27.500000000000004 4334.0 0.5952380952380952
22.0 4279.0 0.6904761904761905
16.5 5016.0 0.5510204081632653
28.6 4246.0 0.6666666666666667
28.6 5786.000000000001 0.4363636363636364
16.5 5060.0 0.5208333333333333
22.0 4345.0 0.6190476190476191
22.0 4301.0 0.6428571428571428
19.8 4433.0 0.627906976744186
22.0 4818.0 0.5
17.6 4422.0 0.6818181818181819
17.6 4499.0 0.5909090909090908
16.5 4961.0 0.5531914893617021
19.8 4400.0 0.6511627906976745
22.0 4389.0 0.5714285714285714
22.0 5137.0 0.44897959183673475
16.5 4807.0 0.5957446808510638
25.3 4521.0 0.5227272727272727
19.8 4389.0 0.7441860465116279
15.400000000000002 5115.0 0.5510204081632653
28.6 4092.0000000000005 0.8292682926829268
17.6 4477.0 0.6363636363636364
