28.6 4092.0000000000005 0.8292682926829268
17.6 4477.0 0.6363636363636364
18.700000000000003 4554.0 0.5777777777777777
25.3 4290.0 0.5714285714285714
22.0 4323.0 0.6190476190476191
18.700000000000003 4972.0 0.5106382978723405
27.500000000000004 4279.0 0.6190476190476191
22.0 4356.0 0.5714285714285714
17.6 4598.0 0.5681818181818181
22.0 4235.0 0.6904761904761905
28.6 4191.0 0.5365853658536586
16.5 4829.0 0.6595744680851063
27.500000000000004 4378.0 0.5238095238095238
28.6 4158.0 0.6341463414634146
17.6 4983.0 0.5416666666666667
28.6 4323.0 0.5121951219512195
22.0 4246.0 0.6428571428571428
17.6 4411.0 0.6590909090909092
17.6 4620.0 0.5454545454545454
28.6 4114.0 0.7073170731707317
16.5 4906.0 0.5531914893617021
16.5 4785.0 0.6808510638297872
22.0 5379.0 0.48
17.6 4499.0 0.5909090909090908
16.5 4862.0 0.6170212765957447
22.0 4389.0 0.5
18.700000000000003 4708.0 0.5217391304347826
25.3 4224.0 0.8095238095238095
15.400000000000002 5291.0 0.7254901960784313
