15.400000000000002 5357.0 0.5
27.500000000000004 4279.0 0.6428571428571428
25.3 4422.0 0.5238095238095238
20.900000000000002 4697.0 0.5333333333333333
22.0 4433.0 0.5238095238095238
19.8 4796.0 0.5217391304347826
22.0 4334.0 0.5714285714285714
16.5 5269.0 0.5
27.500000000000004 4323.0 0.5476190476190477
22.0 4290.0 0.5952380952380952
19.8 4565.0 0.5454545454545454
17.6 4455.0 0.6590909090909092
19.200000000000003 4860.000000000001 0.5348837209302326
17.6 4565.0 0.5681818181818181
22.0 4279.0 0.6904761904761905
15.400000000000002 5071.0 0.5510204081632653
17.6 4400.0 0.6818181818181819
25.3 4554.0 0.5116279069767442
16.5 4906.0 0.5625
16.5 4961.0 0.5106382978723405
16.5 4807.0 0.6170212765957447
15.400000000000002 4917.0 0.6875
17.6 4532.0 0.5909090909090908
16.5 4840.0 0.574468085106383
15.400000000000002 4994.0 0.5918367346938775
17.6 4598.0 0.5454545454545454
16.5 4818.0 0.5957446808510638
16.5 4763.0 0.6382978723404256
17.6 4477.0 0.6136363636363636
16.5 4686.0 0.6595744680851063
19.8 4752.0 0.5333333333333333
25.3 4389.0 0.5476190476190477
22.0 5665.000000000001 0.4629629629629629
28.6 4092.0000000000005 0.8292682926829268
18.700000000000003 5324.0 0.4901960784313726
16.5 5423.0 0.49056603773584906
22.0 4224.0 0.7142857142857143
19.8 4345.0 0.7674418604651163
19.8 4851.0 0.4782608695652174
15.400000000000002 4961.0 0.6326530612244898
28.6 4312.0 0.46341463414634143
27.500000000000004 4477.0 0.47619047619047616
22.0 4620.0 0.4772727272727273
27.500000000000004 4191.0 0.6666666666666667
17.0 4530.0 0.7551020408163265
