20.900000000000002 5357.0 0.5192307692307692
17.6 4510.0 0.6136363636363636
22.0 4268.0 0.6904761904761905
15.400000000000002 5390.0 0.5490196078431373
16.5 4895.0 0.5957446808510638
27.500000000000004 4279.0 0.6428571428571428
22.0 4235.0 0.7857142857142857
27.500000000000004 4334.0 0.5
16.5 4829.0 0.6382978723404256
20.900000000000002 5467.0 0.4807692307692307
17.6 4466.0 0.7272727272727273
28.6 4180.0 0.6585365853658536
27.500000000000004 5005.0 0.45833333333333337
28.6 4169.0 0.7073170731707317
16.5 4972.0 0.5625
16.5 4796.0 0.7234042553191489
17.6 4686.0 0.5333333333333333
27.500000000000004 4840.0 0.48888888888888893
15.400000000000002 5159.0 0.5510204081632653
22.0 4290.0 0.5952380952380952
22.0 4389.0 0.5
15.400000000000002 5038.0 0.653061224489796
19.8 5016.0 0.5208333333333333
28.6 4147.0 0.7804878048780488
28.6 4224.0 0.5609756097560976
28.6 4312.0 0.4878048780487805
17.6 4532.0 0.5454545454545454
17.6 4477.0 0.6818181818181819
22.0 4257.0 0.7380952380952381
15.400000000000002 5093.0 0.6326530612244898
22.0 4356.0 0.5476190476190477
22.0 4906.0 0.4893617021276596
15.400000000000002 5104.0 0.6122448979591837
