20.900000000000002 5093.0 0.52
22.0 4301.0 0.6190476190476191
19.8 4477.0 0.6511627906976745
16.5 4752.0 0.7234042553191489
16.5 4873.0 0.5957446808510638
25.3 4356.0 0.5238095238095238
28.6 4158.0 0.6585365853658536
25.3 4290.0 0.6190476190476191
28.6 4268.0 0.5365853658536586
15.400000000000002 4972.0 0.6326530612244898
22.0 4356.0 0.5952380952380952
15.400000000000002 5038.0 0.5510204081632653
19.8 4422.0 0.6744186046511628
16.5 4862.0 0.6041666666666667
23.1 5148.0 0.5
16.5 5016.0 0.5625
16.5 4774.0 0.6808510638297872
25.3 4499.0 0.4883720930232558
25.3 4279.0 0.6666666666666667
19.8 4411.0 0.6976744186046512
22.0 4367.0 0.5476190476190477
28.6 4257.0 0.5853658536585367
17.6 4499.0 0.5227272727272727
16.5 5038.0 0.5416666666666667
16.5 4796.0 0.6170212765957447
27.500000000000004 4323.0 0.5952380952380952
19.8 4389.0 0.7209302325581395
28.6 4312.0 0.4878048780487805
16.5 4972.0 0.5833333333333333
22.0 5522.0 0.4716981132075472
28.6 4169.0 0.6097560975609756
17.6 4433.0 0.6590909090909092
25.3 4675.0 0.4222222222222223
20.900000000000002 4466.0 0.6136363636363636
15.400000000000002 5115.0 0.5102040816326531
22.0 4257.0 0.6904761904761905
28.6 4092.0000000000005 0.8292682926829268
18.700000000000003 5324.0 0.4901960784313726
16.5 5423.0 0.49056603773584906
22.0 4224.0 0.7142857142857143
19.8 4345.0 0.7674418604651163
