18.000000000000004 5604.000000000001 0.4693877551020408
15.400000000000002 4961.0 0.6326530612244898
22.0 4257.0 0.6904761904761905
19.8 4851.0 0.4782608695652174
19.8 4488.0 0.5909090909090908
17.6 4444.0 0.6818181818181819
16.5 5115.0 0.5
17.6 4565.0 0.5681818181818181
27.500000000000004 4235.0 0.6666666666666667
16.5 4807.0 0.7021276595744681
19.8 4598.0 0.5454545454545454
16.5 4840.0 0.5957446808510638
15.400000000000002 4983.0 0.5714285714285714
17.6 4994.0 0.47916666666666663
16.5 4829.0 0.6808510638297872
28.6 4180.0 0.5121951219512195
16.5 4873.0 0.574468085106383
25.3 4554.0 0.5227272727272727
17.6 4774.0 0.5434782608695652
22.0 4367.0 0.5238095238095238
19.8 4433.0 0.75
17.6 4763.0 0.5652173913043479
17.6 4477.0 0.6136363636363636
28.6 4158.0 0.6097560975609756
16.5 5357.0 0.4901960784313726
27.500000000000004 4213.0 0.7142857142857143
22.0 4290.0 0.5476190476190477
16.5 4917.0 0.5416666666666667
18.700000000000003 4785.0 0.5319148936170213
27.500000000000004 4455.0 0.47619047619047616
15.400000000000002 5027.0 0.5102040816326531
22.0 4279.0 0.6666666666666667
28.6 4092.0000000000005 0.7317073170731707
28.6 4125.0 0.6585365853658536
17.6 4510.0 0.5909090909090908
28.6 4147.0 0.6341463414634146
22.0 4224.0 0.7142857142857143
19.8 4345.0 0.7674418604651163
16.5 4752.0 0.7234042553191489
22.0 4697.0 0.4772727272727273
17.0 4570.0 0.6799999999999999
