28.6 4312.0 0.46341463414634143
17.6 4521.0 0.5681818181818181
27.500000000000004 4477.0 0.47619047619047616
22.0 4620.0 0.4772727272727273
27.500000000000004 4191.0 0.6666666666666667
27.500000000000004 4246.0 0.6428571428571428
22.0 4488.0 0.5238095238095238
20.900000000000002 4510.0 0.5909090909090908
27.500000000000004 4257.0 0.5952380952380952
22.0 4312.0 0.6190476190476191
22.0 4268.0 0.6666666666666667
28.6 4202.0 0.5365853658536586
22.0 4334.0 0.5714285714285714
22.0 4290.0 0.6428571428571428
28.6 4114.0 0.6585365853658536
17.6 4543.0 0.5227272727272727
22.0 4532.0 0.5227272727272727
22.0 4224.0 0.7142857142857143
16.5 4807.0 0.5531914893617021
31.900000000000002 4301.0 0.5
16.5 4763.0 0.6595744680851063
17.6 4455.0 0.6136363636363636
25.3 4356.0 0.5238095238095238
28.6 4169.0 0.6097560975609756
28.6 4246.0 0.5121951219512195
17.6 4851.0 0.5217391304347826
16.5 5071.0 0.5106382978723405
21.6 5712.000000000001 0.43999999999999995
17.6 4422.0 0.6818181818181819
22.0 4972.0 0.42553191489361697
22.0 4587.0 0.5
17.6 4400.0 0.7727272727272727
16.5 5038.0 0.5208333333333333
28.6 4092.0000000000005 0.8292682926829268
18.700000000000003 5324.0 0.4901960784313726
16.5 5423.0 0.49056603773584906
19.8 4345.0 0.7674418604651163
16.5 4752.0 0.7234042553191489
17.0 4570.0 0.6799999999999999
19.8 4851.0 0.4782608695652174
15.400000000000002 4961.0 0.6326530612244898
