22.0 5159.0 0.43999999999999995
15.400000000000002 5544.0 0.5471698113207547
25.3 4345.0 0.5476190476190477
19.8 5016.0 0.5
22.0 4598.0 0.5454545454545454
22.0 4697.0 0.4772727272727273
16.5 5269.0 0.5490196078431373
19.8 4851.0 0.5111111111111111
16.5 4818.0 0.574468085106383
22.0 4301.0 0.5952380952380952
16.5 4763.0 0.6808510638297872
16.5 5137.0 0.5625
27.500000000000004 4444.0 0.5238095238095238
16.5 4719.0 0.7446808510638299
17.6 5126.0 0.5306122448979591
28.6 4334.0 0.5121951219512195
28.6 4169.0 0.7804878048780488
18.700000000000003 4675.0 0.5333333333333333
18.700000000000003 5181.0 0.52
25.3 4554.0 0.5454545454545454
22.0 4400.0 0.5476190476190477
16.5 4807.0 0.5957446808510638
18.700000000000003 4741.0 0.5217391304347826
22.0 4268.0 0.6666666666666667
22.0 4279.0 0.6428571428571428
17.0 4620.0 0.5714285714285714
22.0 4345.0 0.5714285714285714
25.3 4290.0 0.5714285714285714
28.6 4180.0 0.6097560975609756
17.0 4460.0 0.7291666666666667
15.400000000000002 5071.0 0.6734693877551021
17.6 4466.0 0.5909090909090908
15.400000000000002 5148.0 0.5510204081632653
16.5 4741.0 0.7021276595744681
16.5 4785.0 0.6170212765957447
28.6 4202.0 0.5365853658536586
17.6 4488.0 0.5681818181818181
15.400000000000002 5093.0 0.653061224489796
17.0 4430.0 0.7708333333333334
17.6 4433.0 0.7045454545454546
17.6 4609.0 0.5454545454545454
17.0 4510.0 0.6041666666666667
28.6 4092.0000000000005 0.8292682926829268
18.700000000000003 5324.0 0.4901960784313726
16.5 5423.0 0.49056603773584906
22.0 4224.0 0.7142857142857143
19.8 4345.0 0.7674418604651163
28.6 4565.0 0.4883720930232558
