19.8 1925.0000000000002 0.368421052631579
14.0 2240.0 0.375
15.400000000000002 2057.0 0.35
11.0 1980.0 0.40909090909090906
14.0 1880.0 0.5238095238095238
13.0 1880.0 0.5714285714285714
11.0 1920.0 0.5
19.8 2222.0 0.31818181818181823
13.0 1920.0 0.47619047619047616
14.0 1870.0 0.6190476190476191
11.0 1910.0 0.7727272727272727
14.0 1800.0 0.7619047619047619
18.0 1790.0 0.5
18.0 1850.0 0.4
14.0 1860.0 0.6666666666666667
16.0 1780.0 0.65
13.0 2000.0 0.38095238095238093
14.0 1990.0 0.38095238095238093
13.0 1950.0 0.4285714285714286
14.0 1920.0 0.4285714285714286
18.0 1780.0 0.6
14.0 1850.0 0.7142857142857143
11.0 1950.0 0.4545454545454546
16.0 1770.0 0.75
14.0 1900.0 0.47619047619047616
