11.0 2321.0 0.4347826086956522
14.0 1900.0 0.47619047619047616
16.0 1810.0 0.5
14.0 1860.0 0.6190476190476191
16.0 1780.0 0.6
12.0 2110.0 0.4347826086956522
12.100000000000001 2222.0 0.40909090909090906
14.0 1850.0 0.7142857142857143
18.700000000000003 2431.0 0.34782608695652173
18.0 1900.0 0.4285714285714286
14.0 1870.0 0.5238095238095238
16.0 1750.0 0.65
14.3 2112.0 0.38095238095238093
16.0 1720.0 0.7
14.0 2010.0 0.4285714285714286
11.0 1950.0 0.4545454545454546
11.0 1920.0 0.6363636363636364
