13.0 1910.0 0.5238095238095238
11.0 2360.0 0.36
18.0 1870.0 0.44999999999999996
16.0 1840.0 0.6190476190476191
11.0 2100.0 0.3913043478260869
18.0 1810.0 0.65
24.000000000000004 2652.0000000000005 0.34782608695652173
18.0 1830.0 0.6
13.0 1940.0 0.4285714285714286
16.0 1880.0 0.5714285714285714
13.0 1890.0 0.5714285714285714
11.0 2070.0 0.40909090909090906
13.0 2060.0 0.38095238095238093
14.0 1850.0 0.7142857142857143
11.0 1950.0 0.4545454545454546
11.0 1920.0 0.6363636363636364
16.0 1770.0 0.75
14.0 1900.0 0.47619047619047616
