13.0 2020.0 0.38095238095238093
12.100000000000001 2299.0 0.4347826086956522
11.0 2321.0 0.4347826086956522
14.0 1860.0 0.6190476190476191
13.0 1950.0 0.4285714285714286
18.0 1780.0 0.6
14.0 1880.0 0.5238095238095238
12.100000000000001 2431.0 0.41666666666666663
13.0 1900.0 0.5714285714285714
18.0 1770.0 0.7
15.400000000000002 2068.0 0.35
18.0 1880.0 0.4
12.0 1910.0 0.7727272727272727
14.0 1970.0 0.38095238095238093
14.0 1850.0 0.6666666666666667
13.0 1890.0 0.7142857142857143
18.0 1860.0 0.44999999999999996
16.5 2288.0 0.31818181818181823
13.0 1920.0 0.47619047619047616
18.0 1750.0 0.8
18.0 1810.0 0.5
11.0 1950.0 0.4545454545454546
11.0 1920.0 0.6363636363636364
16.0 1770.0 0.75
14.0 1900.0 0.47619047619047616
