11.0 1920.0 0.6363636363636364
11.0 1970.0 0.40909090909090906
11.0 1930.0 0.5909090909090908
11.0 1950.0 0.4545454545454546
14.0 1890.0 0.47619047619047616
16.0 1880.0 0.5238095238095238
18.0 1800.0 0.6
16.5 2332.0 0.36363636363636365
13.0 1890.0 0.7619047619047619
18.0 1810.0 0.55
14.0 1840.0 0.6190476190476191
13.0 1900.0 0.6190476190476191
13.0 1940.0 0.5238095238095238
18.0 1920.0 0.30000000000000004
14.0 1870.0 0.5714285714285714
13.0 1990.0 0.38095238095238093
14.0 1930.0 0.38095238095238093
18.0 1850.0 0.5
17.0 1820.0 0.8571428571428572
