14.3 2376.0 0.3913043478260869
11.0 2497.0 0.41666666666666663
16.0 1850.0 0.6190476190476191
12.0 1960.0 0.5454545454545454
14.0 2030.0 0.4285714285714286
12.0 1940.0 0.5909090909090908
14.0 1850.0 0.7142857142857143
17.0 1820.0 0.7142857142857143
15.0 2040.0 0.40909090909090906
15.400000000000002 2090.0 0.4
15.0 2020.0 0.4545454545454546
17.0 1800.0 0.8095238095238095
16.0 1820.0 0.8095238095238095
14.0 1860.0 0.6666666666666667
12.0 2030.0 0.4545454545454546
12.100000000000001 2112.0 0.4285714285714286
11.0 2002.0000000000002 0.5238095238095238
16.0 1840.0 0.7619047619047619
14.0 1910.0 0.47619047619047616
14.0 1880.0 0.5714285714285714
11.0 2380.0 0.43999999999999995
11.0 2123.0 0.47619047619047616
28.800000000000004 2316.0000000000005 0.38095238095238093
