16.0 1840.0 0.6666666666666667
17.0 2060.0 0.40909090909090906
16.0 1860.0 0.5714285714285714
13.0 1890.0 0.6190476190476191
19.8 2497.0 0.34782608695652173
11.0 1920.0 0.5909090909090908
16.5 2574.0 0.36
14.0 2350.0 0.4
15.400000000000002 2068.0 0.4
11.0 1930.0 0.5
18.0 1830.0 0.44999999999999996
14.0 1850.0 0.6190476190476191
11.0 2240.0 0.41666666666666663
11.0 2370.0 0.4
18.0 1780.0 0.55
13.0 1970.0 0.4285714285714286
15.400000000000002 1969.0000000000002 0.44999999999999996
19.8 2409.0 0.3913043478260869
13.0 1880.0 0.7142857142857143
11.0 1950.0 0.4545454545454546
16.0 1770.0 0.75
14.0 1900.0 0.47619047619047616
