11.0 1990.0 0.40909090909090906
16.0 1820.0 0.6190476190476191
18.0 1900.0 0.4
18.0 1780.0 0.5
11.0 1920.0 0.5909090909090908
18.0 1760.0 0.65
14.0 1890.0 0.5238095238095238
13.0 1950.0 0.38095238095238093
14.0 1880.0 0.6190476190476191
16.0 1870.0 0.5714285714285714
11.0 1940.0 0.5454545454545454
14.0 2000.0 0.33333333333333337
11.0 1900.0 0.7727272727272727
14.0 1850.0 0.7142857142857143
11.0 1950.0 0.4545454545454546
16.0 1770.0 0.75
14.0 1900.0 0.47619047619047616
13.0 1900.0 0.6190476190476191
