15.0 2610.0 0.33333333333333337
16.0 1850.0 0.6666666666666667
14.0 1970.0 0.38095238095238093
12.0 1930.0 0.5909090909090908
18.0 1790.0 0.65
18.0 1800.0 0.55
18.0 1810.0 0.5
11.0 2220.0 0.3913043478260869
11.0 2110.0 0.4347826086956522
18.0 1870.0 0.4
18.0 1780.0 0.7
13.0 2030.0 0.38095238095238093
18.0 1920.0 0.35
15.400000000000002 2123.0 0.35
16.5 2233.0 0.33333333333333337
11.0 1910.0 0.6818181818181819
14.0 1890.0 0.5238095238095238
13.0 1900.0 0.5714285714285714
14.0 1870.0 0.6190476190476191
13.0 1930.0 0.4285714285714286
14.0 1850.0 0.7142857142857143
11.0 1950.0 0.4545454545454546
11.0 1920.0 0.6363636363636364
16.0 1770.0 0.75
14.0 1900.0 0.47619047619047616
