27.67752 7416.000000000001 0.6363636363636364
43.959720000000004 7164.000000000001 0.6153846153846154
20.008890000000005 6270.000000000001 0.6507936507936508
31.881480000000003 7344.000000000001 0.6461538461538461
25.12433 6160.000000000001 0.6885245901639344
22.356180000000005 6215.000000000001 0.7258064516129032
26.564670000000007 6017.000000000001 0.7
26.09387 5918.000000000001 0.711864406779661
21.24441 6127.000000000001 0.7741935483870968
21.24441 6193.000000000001 0.7419354838709677
21.24441 6171.000000000001 0.7580645161290323
23.82985 6171.000000000001 0.7419354838709677
25.12433 6105.000000000001 0.7049180327868853
25.12433 5874.000000000001 0.7333333333333334
26.09387 6061.000000000001 0.7049180327868853
25.12433 6028.000000000001 0.728813559322034
21.24441 6116.000000000001 0.8387096774193549
25.12433 5709.000000000001 0.7457627118644068
20.13737 5852.000000000001 0.85
21.34924 5819.000000000001 0.8305084745762712
