20.44614 6006.000000000001 0.819672131147541
20.44614 6237.000000000001 0.7213114754098361
21.1453 6325.000000000001 0.6774193548387097
20.44614 6094.000000000001 0.8032786885245902
25.12433 5995.000000000001 0.7540983606557377
20.44614 6160.000000000001 0.7377049180327868
23.486430000000006 6039.000000000001 0.7704918032786885
25.12433 5929.000000000001 0.7868852459016393
23.486430000000006 6116.000000000001 0.7049180327868853
21.1453 6182.000000000001 0.6935483870967742
20.44614 6105.000000000001 0.7540983606557377
20.44614 6358.000000000001 0.6825396825396826
21.1453 6545.000000000001 0.671875
21.1453 6160.000000000001 0.7258064516129032
20.63116 6226.000000000001 0.7096774193548387
25.12433 6171.000000000001 0.6557377049180328
25.12433 6017.000000000001 0.6721311475409837
28.201250000000005 6380.000000000001 0.6349206349206349
21.374650000000003 6435.000000000001 0.6615384615384615
38.403600000000004 7320.000000000001 0.6212121212121212
