20.008890000000005 6270.000000000001 0.6507936507936508
25.12433 6160.000000000001 0.6885245901639344
25.12433 5874.000000000001 0.7333333333333334
26.09387 5874.000000000001 0.7166666666666667
21.24441 6226.000000000001 0.7096774193548387
25.12433 5896.000000000001 0.728813559322034
21.24441 6248.000000000001 0.6935483870967742
21.24441 6050.000000000001 0.7419354838709677
20.008890000000005 6237.000000000001 0.7619047619047619
26.564670000000007 6006.000000000001 0.6833333333333333
25.12433 5929.000000000001 0.711864406779661
26.09387 5907.000000000001 0.6949152542372881
20.008890000000005 6534.000000000001 0.6031746031746033
21.24441 6149.000000000001 0.7258064516129032
26.09387 6028.000000000001 0.6610169491525424
20.008890000000005 6182.000000000001 0.8095238095238095
22.356180000000005 6094.000000000001 0.7213114754098361
20.494979999999998 6160.000000000001 0.7777777777777778
22.356180000000005 5995.000000000001 0.7540983606557377
20.008890000000005 6193.000000000001 0.7777777777777778
25.12433 6028.000000000001 0.6949152542372881
21.24441 6314.000000000001 0.6290322580645161
22.356180000000005 6061.000000000001 0.7377049180327868
25.12433 6182.000000000001 0.65
22.356180000000005 6215.000000000001 0.6774193548387097
20.008890000000005 6248.000000000001 0.7301587301587302
25.12433 5709.000000000001 0.7457627118644068
20.13737 5852.000000000001 0.85
21.34924 5819.000000000001 0.8305084745762712
