17.521920000000005 2124.0000000000005 0.6315789473684212
17.521920000000005 1776.0000000000002 0.9176470588235295
17.90283 1408.0 0.8066666666666668
22.027829999999998 1628.0000000000002 0.55
17.90283 1463.0000000000002 0.66
17.90283 1650.0000000000002 0.5823529411764706
17.521920000000005 2028.0000000000002 0.7578947368421053
17.72606 1771.0000000000002 0.6111111111111112
17.521920000000005 1812.0000000000002 0.8470588235294119
17.521920000000005 2052.0000000000005 0.6947368421052633
17.90283 1452.0000000000002 0.7333333333333335
17.72606 1573.0000000000002 0.6875
17.521920000000005 1848.0000000000002 0.7764705882352941
17.72606 1507.0000000000002 0.89375
17.72606 1804.0000000000002 0.55
17.72606 1518.0000000000002 0.8250000000000001
17.72606 1617.0000000000002 0.61875
17.72606 1529.0000000000002 0.7562500000000001
22.027829999999998 1870.0000000000002 0.48888888888888893
