17.521920000000005 1836.0000000000002 0.7764705882352941
17.72606 1738.0000000000002 0.6722222222222223
17.521920000000005 1776.0000000000002 0.9176470588235295
17.521920000000005 2064.0000000000005 0.6947368421052633
17.72606 1518.0000000000002 0.7562500000000001
17.90283 1463.0000000000002 0.66
17.521920000000005 1860.0000000000002 0.7058823529411766
17.90283 1408.0 0.8066666666666668
17.90283 1694.0000000000002 0.5176470588235295
17.90283 1639.0000000000002 0.5823529411764706
17.521920000000005 1824.0000000000002 0.8470588235294119
17.72606 1496.0000000000002 0.89375
17.90283 1452.0000000000002 0.7333333333333335
17.72606 1551.0000000000002 0.6875
22.027829999999998 1617.0000000000002 0.55
17.72606 1826.0000000000002 0.6111111111111112
