17.521920000000005 2124.0000000000005 0.6315789473684212
17.90283 1408.0 0.8066666666666668
22.027829999999998 1628.0000000000002 0.55
17.90283 1650.0000000000002 0.5823529411764706
17.72606 1573.0000000000002 0.6875
17.72606 1507.0000000000002 0.89375
17.72606 1804.0000000000002 0.55
17.72606 1518.0000000000002 0.8250000000000001
17.72606 1529.0000000000002 0.7562500000000001
22.027829999999998 1870.0000000000002 0.48888888888888893
17.72606 1749.0000000000002 0.6111111111111112
17.521920000000005 2160.0000000000005 0.5052631578947369
25.05932 1881.0000000000002 0.4631578947368421
17.90283 1430.0000000000002 0.7333333333333335
17.521920000000005 2028.0000000000002 0.6947368421052633
17.90283 1441.0000000000002 0.66
17.90283 1705.0000000000002 0.5176470588235295
17.521920000000005 1752.0000000000002 0.9882352941176472
17.521920000000005 1800.0000000000002 0.7764705882352941
17.72606 1584.0000000000002 0.61875
17.521920000000005 1776.0000000000002 0.8470588235294119
17.521920000000005 1764.0000000000002 0.9176470588235295
17.521920000000005 1872.0000000000002 0.7058823529411766
