35.48076000000001 7272.000000000001 0.6153846153846154
35.60580000000001 7128.000000000001 0.6307692307692307
25.12433 5709.000000000001 0.7457627118644068
20.13737 5852.000000000001 0.85
20.008890000000005 6050.000000000001 0.7
32.24916 6996.000000000001 0.6349206349206349
30.41520000000001 7152.000000000001 0.6307692307692307
21.366950000000003 6534.000000000001 0.640625
21.8427 6336.000000000001 0.6451612903225806
20.13737 5896.000000000001 0.7833333333333333
25.37106 6039.000000000001 0.65
33.25464000000001 7272.000000000001 0.6268656716417911
20.13737 5940.000000000001 0.7666666666666666
20.13737 5973.000000000001 0.7333333333333334
21.366950000000003 6149.000000000001 0.6557377049180328
25.12433 6237.000000000001 0.639344262295082
20.13737 6006.000000000001 0.6833333333333333
25.12433 5852.000000000001 0.6949152542372881
25.12433 5973.000000000001 0.6779661016949152
25.12433 6116.000000000001 0.6557377049180328
20.13737 6028.000000000001 0.6666666666666667
25.12433 5984.000000000001 0.6666666666666667
