21.24441 6215.000000000001 0.6557377049180328
20.008890000000005 6292.000000000001 0.7142857142857143
21.24441 6061.000000000001 0.7213114754098361
20.212390000000003 6578.000000000001 0.65625
23.29129 5951.000000000001 0.6949152542372881
20.008890000000005 6534.000000000001 0.6825396825396826
21.24441 6226.000000000001 0.639344262295082
20.69969 6050.000000000001 0.7903225806451613
20.13737 6446.000000000001 0.703125
20.69969 6226.000000000001 0.6935483870967742
20.69969 6325.000000000001 0.6774193548387097
20.69969 6127.000000000001 0.7777777777777778
20.69969 6215.000000000001 0.7419354838709677
21.24441 6094.000000000001 0.7049180327868853
20.69969 6204.000000000001 0.7741935483870968
21.24441 6138.000000000001 0.6885245901639344
25.12433 5742.000000000001 0.711864406779661
23.29129 5764.000000000001 0.7457627118644068
23.29129 5907.000000000001 0.7
21.24441 5995.000000000001 0.7540983606557377
20.008890000000005 6468.000000000001 0.703125
26.564670000000007 5907.000000000001 0.6949152542372881
23.29129 5984.000000000001 0.65
24.587970000000002 6413.000000000001 0.625
