25.12433 5709.000000000001 0.7457627118644068
23.59104 6237.000000000001 0.5873015873015873
25.12433 5962.000000000001 0.576271186440678
25.12433 5819.000000000001 0.6779661016949152
20.63116 6072.000000000001 0.6166666666666667
21.827880000000004 6888.000000000001 0.5967741935483871
20.008890000000005 6127.000000000001 0.6
25.12433 5742.000000000001 0.728813559322034
25.12433 5775.000000000001 0.711864406779661
20.13737 5907.000000000001 0.7
20.008890000000005 5896.000000000001 0.7166666666666667
20.008890000000005 5918.000000000001 0.65
20.008890000000005 5841.000000000001 0.7333333333333334
25.12433 5918.000000000001 0.6440677966101696
20.008890000000005 6116.000000000001 0.6166666666666667
25.12433 5786.000000000001 0.6949152542372881
