23.0 3920.0 0.6046511627906976
25.3 4873.0 0.4782608695652174
23.0 3930.0 0.5348837209302326
23.0 4060.0 0.4883720930232558
19.8 4840.0 0.6382978723404256
19.8 4774.0 0.7234042553191489
20.900000000000002 5137.0 0.5416666666666667
22.0 4994.0 0.5319148936170213
19.8 4818.0 0.6595744680851063
19.8 4873.0 0.6170212765957447
19.8 5137.0 0.5510204081632653
20.0 4500.0 0.6170212765957447
20.900000000000002 4488.0 0.6590909090909092
19.8 5104.0 0.5714285714285714
21.0 4250.0 0.6136363636363636
23.0 3990.0 0.5116279069767442
20.0 4520.0 0.5531914893617021
19.8 5060.0 0.6041666666666667
18.700000000000003 5753.000000000001 0.6363636363636364
