22.0 5060.0 0.5306122448979591
19.8 4719.0 0.5777777777777777
19.8 4675.0 0.6222222222222222
19.8 4554.0 0.6888888888888889
19.8 4818.0 0.5652173913043479
19.8 4620.0 0.6666666666666667
19.8 4895.0 0.5531914893617021
18.700000000000003 5027.0 0.6122448979591837
22.0 4862.0 0.5416666666666667
19.8 4642.0 0.6444444444444444
20.900000000000002 4961.0 0.5319148936170213
18.700000000000003 4950.0 0.6326530612244898
23.0 3920.0 0.6046511627906976
23.0 4060.0 0.4883720930232558
21.0 4250.0 0.6136363636363636
20.0 4420.0 0.5652173913043479
17.6 4719.0 0.7446808510638299
