13.0 4490.0 0.5319148936170213
13.0 4340.0 0.5869565217391304
13.0 4470.0 0.5531914893617021
16.0 4210.0 0.6
13.0 4320.0 0.6086956521739131
13.0 4500.0 0.5106382978723405
13.0 4400.0 0.5652173913043479
16.0 4190.0 0.6222222222222222
13.0 4310.0 0.6304347826086957
16.0 4180.0 0.6666666666666667
16.0 4240.0 0.48888888888888893
17.0 3860.0 0.6666666666666667
23.0 3970.0 0.4883720930232558
13.0 4200.0 0.6888888888888889
15.0 4100.0 0.75
15.0 4340.0 0.4782608695652174
17.0 4130.0 0.4883720930232558
16.0 4050.0 0.7045454545454546
