35.46426000000001 2418.0000000000005 0.44999999999999996
31.847790000000007 2314.0000000000005 0.5789473684210527
31.847790000000007 2509.0000000000005 0.5714285714285714
32.73624 2064.0000000000005 0.5789473684210527
34.45741 1846.0000000000005 0.8125
31.847790000000007 2223.0000000000005 0.6842105263157895
32.73624 2040.0000000000002 0.631578947368421
32.134310000000006 1937.0000000000005 0.8235294117647058
32.134310000000006 1976.0000000000005 0.7058823529411764
31.847790000000007 2184.0000000000005 0.736842105263158
32.134310000000006 2236.0000000000005 0.5
32.134310000000006 1950.0000000000005 0.7647058823529411
32.134310000000006 2119.0000000000005 0.5555555555555556
31.847790000000007 2262.0000000000005 0.631578947368421
32.134310000000006 2002.0000000000005 0.6470588235294117
32.134310000000006 2041.0000000000005 0.5882352941176471
34.45741 1950.0000000000005 0.625
34.45741 1859.0000000000005 0.75
34.45741 1898.0000000000005 0.6875
31.847790000000007 2132.0000000000005 0.8421052631578947
32.134310000000006 2340.0000000000005 0.4736842105263158
32.134310000000006 1911.0000000000005 0.8823529411764706
32.73624 2088.0000000000005 0.4736842105263158
34.45741 1781.0000000000005 0.875
32.134310000000006 1898.0000000000005 1.0
