32.134310000000006 2210.0000000000005 0.5
34.45741 1989.0000000000005 0.625
32.134310000000006 1924.0000000000005 0.8823529411764706
34.45741 1820.0000000000005 0.875
34.45741 1833.0000000000005 0.8125
32.73624 2304.0000000000005 0.47619047619047616
31.847790000000007 2223.0000000000005 0.6842105263157895
32.134310000000006 2041.0000000000005 0.5882352941176471
34.45741 1885.0000000000005 0.6875
31.847790000000007 2340.0000000000005 0.6
31.847790000000007 2249.0000000000005 0.631578947368421
32.134310000000006 1937.0000000000005 0.7647058823529411
31.847790000000007 2392.0000000000005 0.55
31.847790000000007 2210.0000000000005 0.736842105263158
32.134310000000006 1989.0000000000005 0.6470588235294117
31.847790000000007 2171.0000000000005 0.7894736842105263
32.73624 2028.0000000000002 0.631578947368421
34.45741 1781.0000000000005 0.9375
34.45741 1859.0000000000005 0.75
32.134310000000006 2171.0000000000005 0.5555555555555556
31.847790000000007 2353.0000000000005 0.5789473684210527
35.46426000000001 2392.0000000000005 0.44999999999999996
32.73624 2088.0000000000005 0.5263157894736843
32.134310000000006 1976.0000000000005 0.7058823529411764
