35.46426000000001 2418.0000000000005 0.44999999999999996
31.847790000000007 2314.0000000000005 0.5789473684210527
31.847790000000007 2223.0000000000005 0.6842105263157895
32.134310000000006 1937.0000000000005 0.8235294117647058
32.134310000000006 1976.0000000000005 0.7058823529411764
31.847790000000007 2184.0000000000005 0.736842105263158
32.134310000000006 2236.0000000000005 0.5
32.134310000000006 1950.0000000000005 0.7647058823529411
32.134310000000006 2119.0000000000005 0.5555555555555556
31.847790000000007 2262.0000000000005 0.631578947368421
32.134310000000006 2041.0000000000005 0.5882352941176471
34.45741 1924.0000000000005 0.625
34.45741 1859.0000000000005 0.6875
32.73624 2016.0000000000002 0.631578947368421
32.134310000000006 2158.0000000000005 0.5294117647058824
32.73624 2088.0000000000005 0.4736842105263158
34.45741 1833.0000000000005 0.8125
31.847790000000007 2665.0000000000005 0.5454545454545454
32.73624 2028.0000000000002 0.5789473684210527
32.73624 2064.0000000000005 0.5263157894736843
32.134310000000006 1989.0000000000005 0.6470588235294117
31.847790000000007 2444.0000000000005 0.55
31.847790000000007 2132.0000000000005 0.8421052631578947
32.134310000000006 2340.0000000000005 0.4736842105263158
32.134310000000006 1911.0000000000005 0.8823529411764706
34.45741 1781.0000000000005 0.875
32.134310000000006 1898.0000000000005 1.0
