17.0 2910.0 0.33333333333333337
10.0 2680.0 0.5517241379310345
19.0 2700.0 0.4482758620689655
14.0 2340.0 0.7307692307692308
13.0 2450.0 0.6666666666666667
17.0 2850.0 0.43333333333333335
17.0 2770.0 0.4482758620689655
14.0 2480.0 0.5
13.0 2590.0 0.4814814814814815
13.0 2870.0 0.4666666666666667
14.0 2420.0 0.6153846153846154
14.0 2410.0 0.6923076923076923
10.0 2670.0 0.5862068965517242
10.0 2610.0 0.7241379310344828
14.0 2430.0 0.5384615384615384
10.0 2630.0 0.6896551724137931
10.0 2760.0 0.48275862068965514
14.0 2720.0 0.4642857142857143
10.0 2710.0 0.5172413793103448
10.0 2650.0 0.6551724137931034
10.0 2660.0 0.6206896551724138
