42.59398000000001 3627.000000000001 0.6
23.31168 3060.0000000000005 0.8620689655172413
25.065720000000006 2940.0000000000005 0.8571428571428572
23.31168 3024.0000000000005 0.896551724137931
34.00930000000001 3991.000000000001 0.6060606060606061
28.085760000000008 3180.0000000000005 0.6551724137931034
25.065720000000006 3420.0000000000005 0.6774193548387097
25.065720000000006 3480.0000000000005 0.6129032258064516
25.065720000000006 3012.0000000000005 0.75
23.31168 3540.0000000000005 0.65625
23.31168 3156.0000000000005 0.7586206896551724
25.065720000000006 2988.0000000000005 0.7857142857142857
26.620920000000005 3468.0000000000005 0.65625
23.31168 3468.0000000000005 0.6875
25.065720000000006 2952.0000000000005 0.8214285714285714
25.065720000000006 3036.0000000000005 0.7142857142857143
23.31168 3096.0000000000005 0.7931034482758621
23.31168 3084.0000000000005 0.8275862068965517
23.31168 3168.0000000000005 0.7241379310344828
25.065720000000006 3108.0000000000005 0.6785714285714286
29.320080000000008 2928.0000000000005 0.8571428571428572
