23.31168 3048.0000000000005 0.8275862068965517
26.663640000000004 3072.0000000000005 0.7931034482758621
23.31168 3144.0000000000005 0.7586206896551724
26.620920000000005 3108.0000000000005 0.7931034482758621
26.663640000000004 3132.0000000000005 0.6896551724137931
26.663640000000004 3228.0000000000005 0.6551724137931034
23.31168 3228.0000000000005 0.7241379310344828
44.76576 3952.000000000001 0.625
23.31168 3288.0000000000005 0.7
26.663640000000004 3096.0000000000005 0.7586206896551724
29.320080000000008 3012.0000000000005 0.7142857142857143
29.320080000000008 3132.0000000000005 0.6428571428571428
40.66491000000001 4784.000000000001 0.641025641025641
29.320080000000008 2964.0000000000005 0.75
29.320080000000008 3072.0000000000005 0.6785714285714286
56.85966000000001 4264.000000000001 0.6111111111111112
26.663640000000004 3120.0000000000005 0.7241379310344828
23.31168 3528.0000000000005 0.6875
25.254320000000003 4680.000000000001 0.6842105263157895
