25.065720000000006 2940.0000000000005 0.8571428571428572
23.31168 3540.0000000000005 0.65625
25.065720000000006 2952.0000000000005 0.8214285714285714
25.065720000000006 3036.0000000000005 0.7142857142857143
23.31168 3168.0000000000005 0.7241379310344828
25.065720000000006 3072.0000000000005 0.6428571428571428
25.065720000000006 3000.0000000000005 0.75
25.065720000000006 2976.0000000000005 0.7857142857142857
25.065720000000006 3396.0000000000005 0.5806451612903225
23.31168 3024.0000000000005 0.8275862068965517
23.31168 3120.0000000000005 0.7586206896551724
23.31168 3084.0000000000005 0.7931034482758621
23.31168 3408.0000000000005 0.6875
23.31168 3288.0000000000005 0.6896551724137931
29.320080000000008 2928.0000000000005 0.8571428571428572
