17.72606 1771.0000000000002 0.6111111111111112
17.90283 1749.0000000000002 0.45294117647058824
17.72606 1485.0000000000002 0.8250000000000001
17.90283 1672.0000000000002 0.5823529411764706
17.521920000000005 1788.0000000000002 0.9176470588235295
17.521920000000005 2052.0000000000005 0.6947368421052633
17.72606 1793.0000000000002 0.48888888888888893
17.521920000000005 1812.0000000000002 0.7764705882352941
17.72606 1529.0000000000002 0.7562500000000001
17.521920000000005 1824.0000000000002 0.7058823529411766
17.90283 1408.0 0.66
17.72606 1617.0000000000002 0.61875
22.027829999999998 1628.0000000000002 0.55
17.90283 1738.0000000000002 0.5176470588235295
17.72606 1573.0000000000002 0.6875
22.027829999999998 1606.0000000000002 0.61875
