17.72606 1804.0000000000002 0.55
17.90283 1760.0000000000002 0.45294117647058824
17.90283 1430.0000000000002 0.7333333333333335
17.72606 1661.0000000000002 0.61875
17.90283 1672.0000000000002 0.5176470588235295
17.90283 1452.0000000000002 0.66
17.90283 1617.0000000000002 0.5823529411764706
17.72606 1507.0000000000002 0.7562500000000001
17.90283 1397.0 0.8066666666666668
17.72606 1540.0000000000002 0.6875
17.90283 1496.0000000000002 0.5866666666666667
22.027829999999998 1628.0000000000002 0.55
17.72606 1760.0000000000002 0.6111111111111112
