24.3884 3750.0 0.625
22.1327 4230.0 0.7045454545454546
23.213699999999996 3120.0 0.8857142857142857
20.2101 3660.0 0.9512195121951219
29.4711 3710.0 0.675
26.9544 3380.0 0.7027027027027026
29.4711 3350.0 0.7297297297297297
23.950800000000005 3830.0 0.6666666666666667
22.1491 4120.0 0.7045454545454546
23.641000000000002 3590.0 0.6923076923076923
24.865 3360.0 0.7297297297297297
22.4559 3490.0 0.7435897435897436
20.2101 3990.0 0.7209302325581395
20.821499999999997 3700.0 0.825
20.2101 3900.0 0.7380952380952381
21.1243 3560.0 0.7105263157894737
21.1243 3250.0 0.8333333333333334
24.865 3450.0 0.6756756756756757
23.213699999999996 3210.0 0.8
20.2101 3790.0 0.7804878048780488
20.2101 3680.0 0.8536585365853658
21.1243 3220.0 0.8611111111111112
23.213699999999996 3140.0 0.8285714285714285
23.213699999999996 3230.0 0.7714285714285715
20.2101 3810.0 0.7560975609756098
21.1243 3280.0 0.8055555555555556
24.865 3380.0 0.7222222222222222
20.2101 3730.0 0.8048780487804879
21.1243 3300.0 0.75
23.213699999999996 3250.0 0.75
23.213699999999996 3260.0 0.7428571428571429
23.213699999999996 3370.0 0.7297297297297297
