19.426399999999997 3360.0 0.8108108108108107
21.1243 3300.0 0.75
23.3751 3180.0 0.8611111111111112
24.865 3290.0 0.7222222222222222
19.426399999999997 3390.0 0.7567567567567568
21.1243 3190.0 0.8333333333333334
21.1243 3420.0 0.6756756756756757
27.3817 3720.0 0.65
20.2101 3950.0 0.7380952380952381
19.426399999999997 3350.0 0.8648648648648649
21.1243 3620.0 0.6666666666666667
20.821499999999997 4110.0 0.7045454545454546
20.821499999999997 3870.0 0.7317073170731707
27.3817 3590.0 0.6666666666666667
24.865 3200.0 0.8055555555555556
24.865 3280.0 0.75
20.821499999999997 3820.0 0.7560975609756098
23.3751 3240.0 0.7777777777777778
24.865 3860.0 0.6585365853658536
21.1243 3250.0 0.8055555555555556
24.865 3370.0 0.7027027027027026
20.821499999999997 3950.0 0.7272727272727273
20.2101 4110.0 0.7272727272727273
24.865 3210.0 0.7777777777777778
28.839000000000002 3270.0 0.75
