24.3884 3750.0 0.625
22.1327 4230.0 0.7045454545454546
22.1491 4120.0 0.7045454545454546
23.641000000000002 3590.0 0.6923076923076923
21.1243 3560.0 0.7105263157894737
24.865 3450.0 0.6756756756756757
20.2101 3790.0 0.7804878048780488
20.2101 3680.0 0.8536585365853658
20.2101 3810.0 0.7560975609756098
20.2101 3730.0 0.8048780487804879
21.1243 3300.0 0.75
23.213699999999996 3250.0 0.75
23.213699999999996 3260.0 0.7428571428571429
23.213699999999996 3330.0 0.6944444444444444
23.213699999999996 3100.0 0.8285714285714285
20.2101 3720.0 0.8292682926829268
20.821499999999997 3750.0 0.7560975609756098
20.821499999999997 3820.0 0.7380952380952381
23.213699999999996 3200.0 0.7714285714285715
29.4711 3700.0 0.625
23.641000000000002 3710.0 0.65
20.821499999999997 3640.0 0.825
20.2101 3830.0 0.7380952380952381
21.1243 3160.0 0.8
20.2101 3660.0 0.8780487804878049
20.821499999999997 3650.0 0.8
20.821499999999997 3610.0 0.875
20.821499999999997 3590.0 0.925
21.1243 3140.0 0.8285714285714285
21.1243 3430.0 0.7222222222222222
20.2101 3910.0 0.7142857142857143
27.3817 3480.0 0.6578947368421053
21.1243 3270.0 0.7777777777777778
21.1243 3400.0 0.7297297297297297
21.1243 3110.0 0.8571428571428572
21.1243 3070.0 0.8857142857142857
20.2101 3780.0 0.7857142857142857
23.213699999999996 3270.0 0.7142857142857143
