18.595610000000004 5038.0 0.6734693877551021
18.595610000000004 4587.0 0.8297872340425532
33.84384000000001 5604.000000000001 0.607843137254902
33.84384000000001 5316.000000000001 0.6122448979591837
24.28822 4609.0 0.6521739130434783
19.276400000000002 5291.0 0.6538461538461539
20.45296 4884.0 0.6458333333333333
20.494980000000005 4554.0 0.7391304347826086
20.45296 4543.0 0.782608695652174
24.28822 4785.0 0.6170212765957447
18.595610000000004 4840.0 0.6808510638297872
18.595610000000004 4796.0 0.7021276595744681
24.28822 4488.0 0.7555555555555555
18.595610000000004 4664.0 0.7659574468085106
18.595610000000004 4708.0 0.7234042553191489
20.494980000000005 4609.0 0.7173913043478262
24.28822 4499.0 0.6888888888888889
24.28822 4455.0 0.7777777777777778
20.45296 4631.0 0.6956521739130435
20.45296 4620.0 0.7391304347826086
20.494980000000005 4730.0 0.6521739130434783
20.45296 4576.0 0.7608695652173914
20.45296 4697.0 0.6808510638297872
18.595610000000004 4477.0 0.8478260869565217
24.28822 4279.0 0.8409090909090909
20.45296 4466.0 0.8478260869565217
21.391150000000003 4411.0 0.8
