19.20248 4686.0 0.875
20.24462 4653.0 0.851063829787234
19.37276 4664.0 0.8723404255319149
18.595610000000004 4774.0 0.75
19.37276 4972.0 0.6666666666666667
18.595610000000004 4939.0 0.6875
20.45296 4774.0 0.6595744680851063
20.45296 4686.0 0.6739130434782609
19.37276 4884.0 0.6875
24.28822 4444.0 0.7333333333333334
21.8427 5049.0 0.5918367346938775
19.20248 4785.0 0.7291666666666667
18.595610000000004 4807.0 0.7083333333333333
20.45296 4587.0 0.6956521739130435
20.45296 4510.0 0.7391304347826086
18.595610000000004 4906.0 0.6938775510204082
21.374650000000003 4763.0 0.6382978723404256
19.37276 4763.0 0.75
24.28822 4708.0 0.6304347826086957
18.595610000000004 4697.0 0.7916666666666666
24.28822 4422.0 0.7555555555555555
24.28822 4642.0 0.6739130434782609
24.28822 4411.0 0.7777777777777778
18.595610000000004 4983.0 0.6458333333333333
20.494980000000005 4576.0 0.7173913043478262
18.595610000000004 4741.0 0.7708333333333334
19.276400000000002 4939.0 0.6734693877551021
24.28822 4554.0 0.6888888888888889
24.28822 4488.0 0.7111111111111111
20.45296 4477.0 0.8260869565217391
24.28822 4400.0 0.8444444444444444
20.674609999999998 4972.0 0.6458333333333333
