24.28822 4609.0 0.6521739130434783
19.276400000000002 5291.0 0.6538461538461539
20.45296 4884.0 0.6458333333333333
24.28822 4785.0 0.6170212765957447
18.595610000000004 4840.0 0.6808510638297872
24.28822 4499.0 0.6888888888888889
20.494980000000005 4730.0 0.6521739130434783
18.595610000000004 4565.0 0.8297872340425532
24.28822 4521.0 0.6666666666666667
24.28822 4455.0 0.7111111111111111
24.28822 5082.0 0.5918367346938775
20.45296 4510.0 0.7391304347826086
23.50601 4851.0 0.6041666666666667
18.595610000000004 4642.0 0.7872340425531915
23.50601 4631.0 0.6521739130434783
20.45296 4477.0 0.782608695652174
20.45296 4873.0 0.6666666666666667
20.45296 4543.0 0.7173913043478262
23.50601 4763.0 0.6382978723404256
24.28822 4719.0 0.6222222222222222
23.50601 5203.0 0.56
24.28822 4422.0 0.7777777777777778
20.45296 4620.0 0.6739130434782609
24.28822 4389.0 0.8
18.595610000000004 4884.0 0.6666666666666667
23.50601 4598.0 0.6739130434782609
20.69969 5258.0 0.607843137254902
18.595610000000004 4675.0 0.7608695652173914
18.595610000000004 4609.0 0.8043478260869565
18.595610000000004 4653.0 0.7659574468085106
18.595610000000004 4686.0 0.6956521739130435
18.595610000000004 4477.0 0.8478260869565217
24.28822 4279.0 0.8409090909090909
20.45296 4466.0 0.8478260869565217
21.391150000000003 4411.0 0.8
