22.39796 1183.0000000000002 0.9090909090909091
27.809860000000004 1079.0000000000002 0.9
22.39796 1365.0000000000002 0.5454545454545454
34.16387 1326.0000000000002 0.4545454545454546
22.39796 1170.0000000000002 1.0
22.39796 1261.0000000000002 0.6363636363636364
22.39796 1235.0000000000002 0.7272727272727273
22.39796 1196.0000000000002 0.8181818181818181
27.809860000000004 1092.0000000000002 0.8
27.809860000000004 1196.0000000000002 0.5
27.809860000000004 1157.0000000000002 0.6
27.809860000000004 1118.0000000000002 0.7
