17.90283 1639.0000000000002 0.5294117647058824
17.72606 1496.0000000000002 0.75
17.72606 1760.0000000000002 0.5
17.90283 1793.0000000000002 0.38888888888888884
17.521920000000005 2052.0000000000005 0.5789473684210527
17.72606 1848.0000000000002 0.4444444444444444
17.90283 1463.0000000000002 0.6
17.72606 1551.0000000000002 0.625
17.521920000000005 2124.0000000000005 0.5263157894736843
17.90283 1518.0000000000002 0.5333333333333333
17.90283 1672.0000000000002 0.47058823529411764
17.90283 1716.0000000000002 0.4117647058823529
17.90283 1408.0 0.6666666666666667
17.521920000000005 1764.0000000000002 0.5882352941176471
17.72606 1507.0000000000002 0.6875
17.72606 1738.0000000000002 0.6111111111111112
17.90283 1397.0 0.8
