17.521920000000005 2112.0000000000005 0.5263157894736843
17.72606 1507.0000000000002 0.75
17.72606 1562.0000000000002 0.625
17.72606 1606.0000000000002 0.5625
17.521920000000005 1752.0000000000002 0.7058823529411764
17.90283 1441.0000000000002 0.6
17.72606 1529.0000000000002 0.6875
17.521920000000005 1848.0000000000002 0.5294117647058824
17.72606 1804.0000000000002 0.5
17.90283 1485.0000000000002 0.5333333333333333
17.72606 1738.0000000000002 0.5555555555555556
17.90283 1397.0 0.7333333333333334
17.521920000000005 1812.0000000000002 0.5882352941176471
17.521920000000005 1800.0000000000002 0.6470588235294117
17.90283 1408.0 0.6666666666666667
17.90283 1507.0000000000002 0.4666666666666667
