17.0 3020.0 0.5151515151515151
24.0 2970.0 0.5151515151515151
16.0 2990.0 0.5757575757575757
16.0 3020.0 0.5454545454545454
16.0 3070.0 0.5151515151515151
24.0 2920.0 0.5454545454545454
16.0 2960.0 0.7272727272727273
24.0 2910.0 0.6666666666666667
18.0 2970.0 0.6363636363636364
16.0 2970.0 0.696969696969697
24.0 3040.0 0.4545454545454546
18.0 3280.0 0.4571428571428572
17.0 2980.0 0.6666666666666667
21.0 2980.0 0.5757575757575757
24.0 3020.0 0.48484848484848486
21.0 2950.0 0.7272727272727273
24.0 2890.0 0.696969696969697
18.0 3080.0 0.48484848484848486
17.0 3300.0 0.48571428571428577
