35.46426000000001 2379.0000000000005 0.44999999999999996
32.73624 2052.0000000000005 0.5789473684210527
34.45741 1859.0000000000005 0.75
32.134310000000006 2223.0000000000005 0.5
31.847790000000007 2353.0000000000005 0.5789473684210527
32.73624 2040.0000000000002 0.631578947368421
32.134310000000006 1963.0000000000005 0.7647058823529411
31.847790000000007 2262.0000000000005 0.631578947368421
32.134310000000006 1924.0000000000005 0.8235294117647058
32.134310000000006 1989.0000000000005 0.6470588235294117
32.134310000000006 2132.0000000000005 0.5294117647058824
31.847790000000007 2210.0000000000005 0.6842105263157895
32.134310000000006 2054.0000000000005 0.5882352941176471
32.134310000000006 1976.0000000000005 0.7058823529411764
34.45741 1833.0000000000005 0.8125
34.45741 1963.0000000000005 0.625
34.45741 1898.0000000000005 0.6875
31.847790000000007 2132.0000000000005 0.8421052631578947
32.134310000000006 2340.0000000000005 0.4736842105263158
32.134310000000006 1911.0000000000005 0.8823529411764706
32.73624 2088.0000000000005 0.4736842105263158
34.45741 1781.0000000000005 0.875
32.134310000000006 1898.0000000000005 1.0
