32.73624 2028.0000000000002 0.631578947368421
34.45741 1963.0000000000005 0.625
32.134310000000006 1924.0000000000005 0.8235294117647058
32.134310000000006 2171.0000000000005 0.5555555555555556
32.73624 2064.0000000000005 0.5263157894736843
34.45741 1833.0000000000005 0.75
31.847790000000007 2236.0000000000005 0.6842105263157895
32.134310000000006 1911.0000000000005 0.9411764705882353
32.134310000000006 2002.0000000000005 0.6470588235294117
31.847790000000007 2249.0000000000005 0.631578947368421
31.847790000000007 2301.0000000000005 0.5789473684210527
34.45741 1820.0000000000005 0.8125
32.134310000000006 2236.0000000000005 0.5
32.73624 2112.0000000000005 0.4736842105263158
31.847790000000007 2197.0000000000005 0.736842105263158
31.847790000000007 2184.0000000000005 0.8947368421052632
32.134310000000006 2067.0000000000005 0.5882352941176471
34.45741 1898.0000000000005 0.6875
34.45741 1794.0000000000005 0.875
32.134310000000006 1950.0000000000005 0.7058823529411764
32.73624 2052.0000000000005 0.5789473684210527
