34.45741 1950.0000000000005 0.625
32.134310000000006 1937.0000000000005 0.8235294117647058
31.847790000000007 2197.0000000000005 0.736842105263158
31.847790000000007 2392.0000000000005 0.5263157894736843
32.134310000000006 1924.0000000000005 0.8823529411764706
31.847790000000007 2145.0000000000005 0.8421052631578947
31.847790000000007 2275.0000000000005 0.631578947368421
32.134310000000006 2002.0000000000005 0.6470588235294117
31.847790000000007 2236.0000000000005 0.6842105263157895
31.847790000000007 2288.0000000000005 0.5789473684210527
34.45741 1898.0000000000005 0.6875
32.73624 2112.0000000000005 0.5263157894736843
34.45741 1807.0000000000005 0.9375
32.134310000000006 2015.0000000000005 0.5882352941176471
32.134310000000006 1963.0000000000005 0.7058823529411764
34.45741 1859.0000000000005 0.75
34.45741 1833.0000000000005 0.8125
31.847790000000007 2158.0000000000005 0.7894736842105263
32.134310000000006 2171.0000000000005 0.5
32.134310000000006 1950.0000000000005 0.7647058823529411
32.134310000000006 2054.0000000000005 0.5294117647058824
