35.46426000000001 2418.0000000000005 0.44999999999999996
32.134310000000006 2132.0000000000005 0.5555555555555556
31.847790000000007 2158.0000000000005 0.736842105263158
32.73624 2052.0000000000005 0.5789473684210527
31.847790000000007 2288.0000000000005 0.5789473684210527
32.134310000000006 1989.0000000000005 0.6470588235294117
32.73624 2088.0000000000005 0.4736842105263158
34.45741 1872.0000000000005 0.6875
32.134310000000006 1937.0000000000005 0.8235294117647058
32.134310000000006 1950.0000000000005 0.7647058823529411
32.73624 2064.0000000000005 0.5263157894736843
31.847790000000007 2327.0000000000005 0.5263157894736843
31.847790000000007 2275.0000000000005 0.631578947368421
34.45741 1911.0000000000005 0.625
32.134310000000006 2015.0000000000005 0.5882352941176471
31.847790000000007 2210.0000000000005 0.6842105263157895
34.45741 1833.0000000000005 0.75
32.134310000000006 2210.0000000000005 0.5
34.45741 1781.0000000000005 0.875
32.134310000000006 1963.0000000000005 0.7058823529411764
31.847790000000007 2613.0000000000005 0.47619047619047616
32.134310000000006 1898.0000000000005 0.8823529411764706
31.847790000000007 2132.0000000000005 0.8421052631578947
32.134310000000006 2340.0000000000005 0.4736842105263158
