19.426399999999997 3500.0 0.6842105263157895
19.426399999999997 3380.0 0.7837837837837838
19.426399999999997 3290.0 0.8648648648648649
23.641000000000002 3230.0 0.7777777777777778
21.1243 3160.0 0.8285714285714285
23.213699999999996 3200.0 0.8
23.950800000000005 3750.0 0.6585365853658536
19.426399999999997 3440.0 0.7297297297297297
19.426399999999997 3320.0 0.8378378378378378
21.1243 3250.0 0.7777777777777778
27.3817 3370.0 0.7027027027027026
19.426399999999997 3370.0 0.8108108108108107
20.674299999999995 3210.0 0.8611111111111112
24.865 3700.0 0.625
23.641000000000002 3440.0 0.7027027027027026
20.674299999999995 3250.0 0.8333333333333334
21.1243 3320.0 0.7297297297297297
23.641000000000002 3290.0 0.7567567567567568
27.0499 3660.0 0.65
