21.1243 3190.0 0.8333333333333334
20.2101 3980.0 0.7209302325581395
27.3817 3690.0 0.6
24.865 3440.0 0.6756756756756757
21.1243 3230.0 0.75
24.799100000000003 3720.0 0.6829268292682926
21.1243 3200.0 0.8055555555555556
29.4711 3320.0 0.6756756756756757
20.2101 3660.0 0.9024390243902439
20.2101 3680.0 0.8292682926829268
23.641000000000002 3760.0 0.6585365853658536
20.2101 3700.0 0.8048780487804879
27.3817 3450.0 0.631578947368421
21.1243 3460.0 0.6842105263157895
20.2101 3830.0 0.7380952380952381
21.1243 3130.0 0.8611111111111112
21.1243 3250.0 0.6944444444444444
21.1243 3220.0 0.7777777777777778
20.2101 3790.0 0.7804878048780488
19.9739 3940.0 0.8604651162790697
19.9739 3950.0 0.7674418604651163
