31.847790000000007 2327.0000000000005 0.631578947368421
32.134310000000006 1950.0000000000005 0.7647058823529411
31.847790000000007 2184.0000000000005 0.736842105263158
32.73624 2100.0000000000005 0.4736842105263158
32.134310000000006 2067.0000000000005 0.5882352941176471
34.45741 1885.0000000000005 0.6875
32.134310000000006 1911.0000000000005 0.8823529411764706
32.134310000000006 2002.0000000000005 0.6470588235294117
32.134310000000006 2145.0000000000005 0.5555555555555556
32.134310000000006 1976.0000000000005 0.7058823529411764
31.847790000000007 2483.0000000000005 0.6
34.45741 1781.0000000000005 0.875
31.847790000000007 2249.0000000000005 0.6842105263157895
34.45741 1872.0000000000005 0.75
34.45741 1820.0000000000005 0.8125
32.73624 2064.0000000000005 0.5263157894736843
32.134310000000006 2249.0000000000005 0.5
32.134310000000006 1924.0000000000005 0.8235294117647058
32.73624 2028.0000000000002 0.5789473684210527
34.45741 1924.0000000000005 0.625
