32.134310000000006 2210.0000000000005 0.4444444444444444
31.847790000000007 2262.0000000000005 0.631578947368421
32.73624 2040.0000000000002 0.5789473684210527
32.134310000000006 1963.0000000000005 0.7058823529411764
32.134310000000006 2080.0000000000005 0.5294117647058824
31.847790000000007 2184.0000000000005 0.736842105263158
34.45741 1963.0000000000005 0.625
31.847790000000007 2236.0000000000005 0.6842105263157895
32.73624 2064.0000000000005 0.5263157894736843
32.134310000000006 1911.0000000000005 0.8823529411764706
34.45741 1833.0000000000005 0.8125
34.45741 1872.0000000000005 0.6875
32.134310000000006 2054.0000000000005 0.5882352941176471
32.73624 2016.0000000000002 0.631578947368421
32.134310000000006 1924.0000000000005 0.8235294117647058
31.847790000000007 2288.0000000000005 0.5789473684210527
34.45741 1846.0000000000005 0.75
32.134310000000006 1989.0000000000005 0.6470588235294117
34.45741 1768.0000000000005 1.0
32.134310000000006 1950.0000000000005 0.7647058823529411
31.847790000000007 2132.0000000000005 0.8421052631578947
32.73624 2088.0000000000005 0.4736842105263158
34.45741 1781.0000000000005 0.875
32.134310000000006 1898.0000000000005 1.0
