28.6 4312.0 0.46341463414634143
28.6 4158.0 0.7317073170731707
16.5 5104.0 0.5625
28.6 4213.0 0.5853658536585367
27.500000000000004 5082.0 0.4693877551020408
22.0 4290.0 0.6666666666666667
18.700000000000003 5137.0 0.52
16.5 4862.0 0.574468085106383
17.6 4686.0 0.5555555555555556
18.700000000000003 4752.0 0.5434782608695652
17.6 4521.0 0.5681818181818181
27.500000000000004 4477.0 0.47619047619047616
22.0 4389.0 0.5952380952380952
22.0 4620.0 0.4772727272727273
17.6 4763.0 0.5333333333333333
27.500000000000004 4191.0 0.6666666666666667
20.900000000000002 4510.0 0.6363636363636364
22.0 4301.0 0.6428571428571428
22.0 4367.0 0.6190476190476191
27.500000000000004 4356.0 0.5952380952380952
28.6 4180.0 0.6341463414634146
27.500000000000004 4246.0 0.6428571428571428
22.0 4499.0 0.5581395348837209
28.6 4235.0 0.5609756097560976
28.6 4092.0000000000005 0.8292682926829268
18.700000000000003 5324.0 0.4901960784313726
16.5 5423.0 0.49056603773584906
22.0 4224.0 0.7142857142857143
19.8 4345.0 0.7674418604651163
16.5 4752.0 0.7234042553191489
17.0 4570.0 0.6799999999999999
19.8 4851.0 0.4782608695652174
15.400000000000002 4961.0 0.6326530612244898
17.6 4444.0 0.6818181818181819
