25.3 5797.000000000001 0.4727272727272728
15.400000000000002 4961.0 0.6122448979591837
22.0 4356.0 0.6190476190476191
17.6 4554.0 0.6666666666666667
17.6 4796.0 0.5869565217391304
18.700000000000003 4708.0 0.5434782608695652
16.5 4873.0 0.6170212765957447
25.3 4521.0 0.5813953488372092
27.500000000000004 4400.0 0.6046511627906976
15.400000000000002 5214.0 0.6
17.6 5104.0 0.5625
17.6 4576.0 0.5909090909090908
18.700000000000003 5269.0 0.5294117647058824
16.5 5038.0 0.6041666666666667
16.5 5181.0 0.5800000000000001
17.6 4928.0 0.574468085106383
18.700000000000003 4994.0 0.5416666666666667
25.3 4510.0 0.6046511627906976
19.8 4554.0 0.5348837209302326
25.3 4477.0 0.6136363636363636
28.6 4092.0000000000005 0.8292682926829268
18.700000000000003 5324.0 0.4901960784313726
16.5 5423.0 0.49056603773584906
22.0 4224.0 0.7142857142857143
19.8 4345.0 0.7674418604651163
16.5 4752.0 0.7234042553191489
19.8 4851.0 0.4782608695652174
17.6 4444.0 0.6818181818181819
28.6 4312.0 0.46341463414634143
27.500000000000004 4477.0 0.47619047619047616
22.0 4620.0 0.4772727272727273
27.500000000000004 4191.0 0.6666666666666667
17.0 4530.0 0.7551020408163265
