21.6 5604.000000000001 0.5102040816326531
27.500000000000004 5082.0 0.5
28.6 4257.0 0.6904761904761905
15.400000000000002 5291.0 0.7254901960784313
28.6 4312.0 0.5476190476190477
24.200000000000003 4466.0 0.5581395348837209
19.8 5445.0 0.5384615384615384
22.0 4301.0 0.6666666666666667
20.900000000000002 5357.0 0.5192307692307692
22.0 4818.0 0.5111111111111111
17.6 4686.0 0.6
17.6 4510.0 0.6136363636363636
16.5 4851.0 0.7234042553191489
18.700000000000003 4774.0 0.5652173913043479
22.0 5236.0 0.5
22.0 4268.0 0.6904761904761905
15.400000000000002 5390.0 0.5490196078431373
17.6 5093.0 0.5625
16.5 4895.0 0.5957446808510638
16.5 5038.0 0.5714285714285714
27.500000000000004 4345.0 0.6190476190476191
27.500000000000004 4554.0 0.5348837209302326
28.6 4609.0 0.5333333333333333
18.700000000000003 5060.0 0.5510204081632653
22.0 4312.0 0.6428571428571428
22.0 4477.0 0.5813953488372092
17.6 4697.0 0.5777777777777777
20.900000000000002 5258.0 0.5490196078431373
19.8 5368.0 0.5490196078431373
27.500000000000004 4279.0 0.6428571428571428
19.8 4906.0 0.5531914893617021
22.0 4455.0 0.627906976744186
22.0 4609.0 0.5454545454545454
27.500000000000004 4422.0 0.5714285714285714
27.500000000000004 4972.0 0.5106382978723405
22.0 4466.0 0.5952380952380952
22.0 4554.0 0.5681818181818181
22.0 5005.0 0.5106382978723405
15.400000000000002 5368.0 0.6274509803921569
17.6 4796.0 0.5652173913043479
19.8 5049.0 0.5510204081632653
28.6 4433.0 0.5348837209302326
27.500000000000004 4807.0 0.5333333333333333
27.500000000000004 4444.0 0.5476190476190477
