40.30000000000001 5993.000000000001 0.45833333333333337
16.5 5005.0 0.6041666666666667
17.0 4530.0 0.7551020408163265
17.6 5379.0 0.5769230769230769
17.0 4560.0 0.6938775510204082
22.0 4367.0 0.627906976744186
27.500000000000004 4356.0 0.6428571428571428
25.3 4444.0 0.5813953488372092
18.700000000000003 4631.0 0.5333333333333333
16.5 4961.0 0.625
18.700000000000003 4598.0 0.6444444444444444
18.0 4600.0 0.6799999999999999
17.6 4730.0 0.6304347826086957
19.8 4521.0 0.6590909090909092
25.3 4466.0 0.5348837209302326
25.3 4411.0 0.6046511627906976
17.0 4740.0 0.5800000000000001
22.0 4565.0 0.6136363636363636
22.0 4356.0 0.6666666666666667
22.0 4609.0 0.5909090909090908
17.6 4609.0 0.6363636363636364
17.0 4610.0 0.6326530612244898
19.8 4620.0 0.6222222222222222
28.6 4092.0000000000005 0.8292682926829268
18.700000000000003 5324.0 0.4901960784313726
16.5 5423.0 0.49056603773584906
22.0 4224.0 0.7142857142857143
19.8 4345.0 0.7674418604651163
16.5 4752.0 0.7234042553191489
19.8 4851.0 0.4782608695652174
15.400000000000002 4961.0 0.6326530612244898
17.6 4444.0 0.6818181818181819
28.6 4312.0 0.46341463414634143
27.500000000000004 4477.0 0.47619047619047616
22.0 4620.0 0.4772727272727273
27.500000000000004 4191.0 0.6666666666666667
