28.6 4565.0 0.4883720930232558
15.400000000000002 5225.0 0.607843137254902
15.400000000000002 5500.0 0.5961538461538461
28.6 4180.0 0.7560975609756098
22.0 4499.0 0.5813953488372092
25.3 4796.0 0.5217391304347826
27.500000000000004 4554.0 0.5116279069767442
19.8 4994.0 0.5416666666666667
20.900000000000002 5093.0 0.52
17.6 4576.0 0.5454545454545454
18.700000000000003 5104.0 0.5306122448979591
25.3 4433.0 0.5714285714285714
16.5 5115.0 0.5714285714285714
22.0 4290.0 0.6904761904761905
22.0 4301.0 0.6190476190476191
19.8 4477.0 0.6511627906976745
27.500000000000004 4367.0 0.5714285714285714
16.5 4829.0 0.6170212765957447
19.8 4455.0 0.7209302325581395
19.8 4730.0 0.5434782608695652
28.6 4213.0 0.6341463414634146
27.500000000000004 4290.0 0.6666666666666667
17.6 4862.0 0.5434782608695652
16.5 4752.0 0.7234042553191489
22.0 4367.0 0.5952380952380952
16.5 4873.0 0.5957446808510638
16.5 4796.0 0.6382978723404256
28.6 4279.0 0.5609756097560976
17.6 4543.0 0.6136363636363636
17.6 4466.0 0.6590909090909092
27.500000000000004 4466.0 0.5581395348837209
25.3 4543.0 0.5581395348837209
28.6 4092.0000000000005 0.8292682926829268
27.500000000000004 4818.0 0.48888888888888893
18.700000000000003 5324.0 0.4901960784313726
16.5 5423.0 0.49056603773584906
22.0 4224.0 0.7142857142857143
19.8 4345.0 0.7674418604651163
