31.900000000000002 4433.0 0.5348837209302326
22.0 5159.0 0.43999999999999995
15.400000000000002 5544.0 0.5471698113207547
28.6 4213.0 0.6341463414634146
25.3 4345.0 0.5476190476190477
19.8 5016.0 0.5
22.0 4598.0 0.5454545454545454
15.400000000000002 5412.0 0.5849056603773585
19.8 4796.0 0.5434782608695652
22.0 4697.0 0.4772727272727273
17.6 4862.0 0.5531914893617021
16.5 5269.0 0.5490196078431373
17.0 4570.0 0.6799999999999999
27.500000000000004 4499.0 0.5348837209302326
17.6 4741.0 0.5869565217391304
22.0 4290.0 0.6428571428571428
28.6 4290.0 0.5853658536585367
19.8 4851.0 0.5111111111111111
17.6 4543.0 0.6136363636363636
15.400000000000002 5258.0 0.5882352941176471
27.500000000000004 4312.0 0.5714285714285714
28.6 4235.0 0.6097560975609756
17.0 4630.0 0.64
17.6 4818.0 0.5652173913043479
22.0 4422.0 0.5714285714285714
17.6 4752.0 0.5777777777777777
19.8 4653.0 0.6
16.5 4818.0 0.574468085106383
22.0 4301.0 0.5952380952380952
28.6 4092.0000000000005 0.8292682926829268
18.700000000000003 5324.0 0.4901960784313726
16.5 5423.0 0.49056603773584906
22.0 4224.0 0.7142857142857143
19.8 4345.0 0.7674418604651163
28.6 4565.0 0.4883720930232558
16.5 4752.0 0.7234042553191489
17.6 4466.0 0.6590909090909092
15.400000000000002 5225.0 0.607843137254902
