22.0 5269.0 0.5098039215686274
16.5 4928.0 0.6875
31.900000000000002 4620.0 0.5454545454545454
30.800000000000004 4719.0 0.5
28.6 4092.0000000000005 0.8292682926829268
23.1 5148.0 0.5
28.6 4158.0 0.6829268292682926
16.5 4994.0 0.6666666666666667
17.6 4477.0 0.6363636363636364
17.6 5049.0 0.5416666666666667
18.700000000000003 4554.0 0.5777777777777777
18.700000000000003 4851.0 0.5217391304347826
24.200000000000003 4697.0 0.5652173913043479
27.500000000000004 4433.0 0.5581395348837209
20.900000000000002 5225.0 0.52
20.900000000000002 4796.0 0.5319148936170213
22.0 4312.0 0.6428571428571428
25.3 4290.0 0.5714285714285714
22.0 4367.0 0.5952380952380952
27.500000000000004 4576.0 0.5555555555555556
25.3 4257.0 0.6428571428571428
28.6 4213.0 0.6097560975609756
19.8 4752.0 0.5434782608695652
19.8 5258.0 0.52
16.5 5005.0 0.625
17.6 4664.0 0.5681818181818181
17.6 4609.0 0.6
22.0 4323.0 0.6190476190476191
22.0 4433.0 0.5714285714285714
22.0 4961.0 0.5106382978723405
17.6 4565.0 0.6136363636363636
28.6 4290.0 0.5609756097560976
28.6 4741.0 0.5111111111111111
22.0 4785.0 0.5217391304347826
27.500000000000004 4730.0 0.5217391304347826
18.700000000000003 4741.0 0.5652173913043479
22.0 4268.0 0.6904761904761905
15.400000000000002 5291.0 0.7254901960784313
16.5 4851.0 0.7234042553191489
