15.400000000000002 5280.0 0.5576923076923077
15.400000000000002 5357.0 0.5
27.500000000000004 4279.0 0.6428571428571428
25.3 4422.0 0.5238095238095238
20.900000000000002 4697.0 0.5333333333333333
17.6 4532.0 0.6590909090909092
22.0 4433.0 0.5238095238095238
15.400000000000002 5027.0 0.6122448979591837
16.5 4851.0 0.5957446808510638
16.5 5038.0 0.5319148936170213
15.400000000000002 5137.0 0.5714285714285714
15.400000000000002 5192.0 0.56
17.6 4675.0 0.5555555555555556
19.8 4785.0 0.5434782608695652
19.8 4796.0 0.5217391304347826
22.0 4334.0 0.5714285714285714
19.8 4543.0 0.6136363636363636
19.8 4521.0 0.6590909090909092
16.5 5269.0 0.5
17.6 4576.0 0.5909090909090908
27.500000000000004 4323.0 0.5476190476190477
22.0 4290.0 0.5952380952380952
16.5 4994.0 0.5625
19.8 4565.0 0.5454545454545454
28.6 4092.0000000000005 0.8292682926829268
18.700000000000003 5324.0 0.4901960784313726
16.5 5423.0 0.49056603773584906
22.0 4224.0 0.7142857142857143
19.8 4345.0 0.7674418604651163
16.5 4752.0 0.7234042553191489
19.8 4851.0 0.4782608695652174
15.400000000000002 4961.0 0.6326530612244898
17.6 4444.0 0.6818181818181819
28.6 4312.0 0.46341463414634143
27.500000000000004 4477.0 0.47619047619047616
22.0 4620.0 0.4772727272727273
27.500000000000004 4191.0 0.6666666666666667
17.0 4530.0 0.7551020408163265
