27.500000000000004 4818.0 0.48888888888888893
16.5 5214.0 0.5
28.6 4257.0 0.6190476190476191
16.5 5423.0 0.49056603773584906
22.0 4224.0 0.7142857142857143
19.8 4345.0 0.7674418604651163
25.3 4411.0 0.5714285714285714
18.700000000000003 5324.0 0.4901960784313726
19.8 4543.0 0.6136363636363636
17.6 4609.0 0.5111111111111111
22.0 5082.0 0.5102040816326531
16.5 4961.0 0.6458333333333333
16.5 5192.0 0.5306122448979591
25.3 4345.0 0.5952380952380952
16.5 5027.0 0.6041666666666667
19.8 4433.0 0.6744186046511628
19.8 4455.0 0.627906976744186
27.500000000000004 4345.0 0.5
16.5 5115.0 0.5714285714285714
16.5 5049.0 0.5918367346938775
22.0 4323.0 0.6428571428571428
22.0 4422.0 0.5238095238095238
22.0 4400.0 0.6190476190476191
22.0 4290.0 0.6904761904761905
19.8 4598.0 0.6046511627906976
19.8 4411.0 0.6976744186046512
27.500000000000004 4334.0 0.5952380952380952
15.400000000000002 5291.0 0.7254901960784313
16.5 4851.0 0.7234042553191489
28.6 4092.0000000000005 0.8292682926829268
17.6 4477.0 0.6363636363636364
