18.000000000000004 5604.000000000001 0.4693877551020408
15.400000000000002 4961.0 0.6326530612244898
28.6 4191.0 0.6829268292682926
15.400000000000002 5148.0 0.52
22.0 4257.0 0.6904761904761905
25.3 4664.0 0.5555555555555556
22.0 4312.0 0.6666666666666667
19.8 4851.0 0.4782608695652174
25.3 4675.0 0.5333333333333333
27.500000000000004 4587.0 0.5227272727272727
19.8 4488.0 0.5909090909090908
28.6 4521.0 0.5454545454545454
17.6 4444.0 0.6818181818181819
16.5 5115.0 0.5
17.6 4532.0 0.6590909090909092
18.700000000000003 5082.0 0.5510204081632653
16.5 5093.0 0.5416666666666667
18.700000000000003 4774.0 0.5531914893617021
22.0 4334.0 0.6190476190476191
16.5 4994.0 0.5833333333333333
15.400000000000002 4994.0 0.5918367346938775
28.6 4235.0 0.6097560975609756
22.0 4378.0 0.5714285714285714
17.6 4565.0 0.5681818181818181
16.5 4851.0 0.5957446808510638
27.500000000000004 4235.0 0.6666666666666667
15.400000000000002 5126.0 0.5714285714285714
28.6 4279.0 0.5853658536585367
27.500000000000004 4455.0 0.5581395348837209
28.6 4224.0 0.6666666666666667
17.6 4829.0 0.5652173913043479
28.6 4092.0000000000005 0.8292682926829268
18.700000000000003 5324.0 0.4901960784313726
16.5 5423.0 0.49056603773584906
22.0 4224.0 0.7142857142857143
19.8 4345.0 0.7674418604651163
28.6 4565.0 0.4883720930232558
16.5 4752.0 0.7234042553191489
22.0 4697.0 0.4772727272727273
17.0 4570.0 0.6799999999999999
