25.3 6611.000000000001 0.5079365079365079
18.700000000000003 5907.000000000001 0.7413793103448276
17.6 6105.000000000001 0.6440677966101696
37.400000000000006 5940.000000000001 0.6206896551724138
19.200000000000003 6840.000000000001 0.5593220338983051
26.400000000000002 6072.000000000001 0.5593220338983051
22.0 6534.000000000001 0.5081967213114754
19.8 6369.000000000001 0.5333333333333333
20.900000000000002 6193.000000000001 0.55
19.8 5907.000000000001 0.6724137931034483
17.6 6028.000000000001 0.711864406779661
19.8 6347.000000000001 0.5666666666666667
26.400000000000002 5951.000000000001 0.603448275862069
24.200000000000003 5995.000000000001 0.6379310344827587
18.700000000000003 5973.000000000001 0.7241379310344828
17.6 6061.000000000001 0.6610169491525424
24.200000000000003 6127.000000000001 0.5344827586206897
19.8 6017.000000000001 0.6206896551724138
23.1 6050.000000000001 0.5862068965517242
17.6 6545.000000000001 0.564516129032258
20.900000000000002 6039.000000000001 0.6101694915254237
19.8 5984.000000000001 0.6551724137931034
18.700000000000003 6160.000000000001 0.5689655172413793
20.900000000000002 6138.000000000001 0.5689655172413793
17.6 6138.000000000001 0.576271186440678
18.700000000000003 6072.000000000001 0.5862068965517242
26.400000000000002 6116.000000000001 0.5517241379310345
24.200000000000003 6028.000000000001 0.5862068965517242
18.700000000000003 6028.000000000001 0.6379310344827587
16.5 6534.000000000001 0.7142857142857143
21.0 5520.0 0.711864406779661
