23.1 6556.000000000001 0.5161290322580645
19.8 6820.000000000001 0.53125
39.6 6072.000000000001 0.5932203389830508
23.0 5780.0 0.639344262295082
33.0 6039.000000000001 0.6206896551724138
36.300000000000004 6028.000000000001 0.6206896551724138
26.400000000000002 6182.000000000001 0.5254237288135593
25.3 6402.000000000001 0.5245901639344263
23.1 6490.000000000001 0.5245901639344263
18.700000000000003 6116.000000000001 0.576271186440678
36.300000000000004 6039.000000000001 0.603448275862069
20.900000000000002 6226.000000000001 0.5423728813559322
17.6 6358.000000000001 0.5666666666666667
24.200000000000003 6270.000000000001 0.5333333333333333
17.6 6248.000000000001 0.6101694915254237
20.900000000000002 6072.000000000001 0.6271186440677966
25.3 6160.000000000001 0.5423728813559322
19.8 6314.000000000001 0.5333333333333333
26.400000000000002 6061.000000000001 0.603448275862069
17.6 6281.000000000001 0.6
26.400000000000002 6116.000000000001 0.5593220338983051
25.3 6105.000000000001 0.576271186440678
19.8 6171.000000000001 0.5593220338983051
19.8 6094.000000000001 0.6101694915254237
21.0 5520.0 0.711864406779661
16.5 6226.000000000001 0.6333333333333333
23.0 5480.0 0.7333333333333334
20.0 5660.0 0.7166666666666667
14.3 6292.000000000001 0.6833333333333333
15.400000000000002 6270.000000000001 0.6666666666666667
17.6 5995.000000000001 0.6379310344827587
18.700000000000003 5874.000000000001 0.7241379310344828
