16.5 6600.000000000001 0.6666666666666667
22.800000000000004 7080.000000000001 0.5245901639344263
16.5 6534.000000000001 0.7142857142857143
25.3 6710.000000000001 0.515625
21.0 5520.0 0.711864406779661
37.400000000000006 5918.000000000001 0.603448275862069
26.400000000000002 6094.000000000001 0.5593220338983051
36.300000000000004 6006.000000000001 0.5689655172413793
19.8 5907.000000000001 0.7068965517241379
21.0 5580.0 0.6440677966101696
16.5 6864.000000000001 0.5625
17.6 6380.000000000001 0.5333333333333333
17.6 6105.000000000001 0.6779661016949152
21.0 5550.0 0.6610169491525424
18.700000000000003 6160.000000000001 0.5423728813559322
16.5 6611.000000000001 0.6065573770491803
18.700000000000003 6138.000000000001 0.6101694915254237
36.300000000000004 6061.000000000001 0.5172413793103448
17.6 6292.000000000001 0.6
18.700000000000003 6006.000000000001 0.6206896551724138
17.6 6325.000000000001 0.5833333333333333
17.6 6347.000000000001 0.55
18.700000000000003 5951.000000000001 0.6551724137931034
19.8 6039.000000000001 0.5862068965517242
17.6 6204.000000000001 0.6666666666666667
17.6 6259.000000000001 0.6166666666666667
19.8 5929.000000000001 0.6206896551724138
17.6 6215.000000000001 0.6440677966101696
19.8 6105.000000000001 0.5254237288135593
19.8 5995.000000000001 0.603448275862069
36.300000000000004 5984.000000000001 0.603448275862069
