17.6 6215.000000000001 0.6166666666666667
19.8 6985.000000000001 0.5
21.0 5720.0 0.6229508196721312
37.400000000000006 5951.000000000001 0.5689655172413793
33.0 6050.000000000001 0.5689655172413793
21.0 5790.0 0.5901639344262295
18.700000000000003 6479.000000000001 0.5245901639344263
19.8 5918.000000000001 0.6896551724137931
17.6 6281.000000000001 0.55
19.8 6413.000000000001 0.5166666666666666
17.6 6182.000000000001 0.6271186440677966
17.6 6072.000000000001 0.6610169491525424
18.700000000000003 6138.000000000001 0.6101694915254237
19.8 6105.000000000001 0.5517241379310345
18.700000000000003 6193.000000000001 0.5932203389830508
19.8 6039.000000000001 0.6206896551724138
19.8 6050.000000000001 0.5862068965517242
19.8 6127.000000000001 0.5172413793103448
18.700000000000003 6050.000000000001 0.6206896551724138
19.8 5907.000000000001 0.7068965517241379
18.700000000000003 5951.000000000001 0.6551724137931034
16.5 6534.000000000001 0.7142857142857143
21.0 5520.0 0.711864406779661
