19.8 5874.000000000001 0.7413793103448276
17.6 6094.000000000001 0.6440677966101696
19.8 6688.000000000001 0.5
33.0 6204.000000000001 0.5
37.400000000000006 5907.000000000001 0.6896551724137931
26.400000000000002 5984.000000000001 0.6379310344827587
17.6 6380.000000000001 0.5166666666666666
36.300000000000004 6182.000000000001 0.5166666666666666
25.3 6325.000000000001 0.5245901639344263
18.700000000000003 6259.000000000001 0.5593220338983051
19.8 6204.000000000001 0.5666666666666667
19.8 6347.000000000001 0.55
24.200000000000003 6226.000000000001 0.5254237288135593
24.200000000000003 5962.000000000001 0.6551724137931034
18.700000000000003 6028.000000000001 0.6551724137931034
18.700000000000003 5929.000000000001 0.6896551724137931
23.1 5918.000000000001 0.6724137931034483
37.400000000000006 5984.000000000001 0.6206896551724138
18.700000000000003 6094.000000000001 0.603448275862069
17.6 6237.000000000001 0.576271186440678
17.6 6160.000000000001 0.6101694915254237
19.8 5929.000000000001 0.6724137931034483
18.700000000000003 5907.000000000001 0.7241379310344828
24.200000000000003 5995.000000000001 0.5862068965517242
17.6 6138.000000000001 0.6271186440677966
19.8 6017.000000000001 0.5689655172413793
17.6 6193.000000000001 0.5932203389830508
18.700000000000003 6226.000000000001 0.576271186440678
18.700000000000003 6138.000000000001 0.5932203389830508
19.8 5995.000000000001 0.603448275862069
19.8 5984.000000000001 0.6551724137931034
16.5 6534.000000000001 0.7142857142857143
21.0 5520.0 0.711864406779661
17.6 6028.000000000001 0.711864406779661
