21.6 6564.000000000001 0.5087719298245614
14.3 6303.000000000001 0.6333333333333333
23.0 5480.0 0.7333333333333334
23.0 5620.0 0.6333333333333333
17.6 6314.000000000001 0.55
15.400000000000002 6270.000000000001 0.6666666666666667
19.8 6237.000000000001 0.5254237288135593
18.700000000000003 6160.000000000001 0.6101694915254237
23.0 5890.0 0.564516129032258
20.0 5710.0 0.6333333333333333
18.700000000000003 6270.000000000001 0.5833333333333333
16.5 6292.000000000001 0.6
23.0 5560.0 0.6833333333333333
20.0 5660.0 0.7166666666666667
20.0 5740.0 0.6
14.3 6292.000000000001 0.6833333333333333
20.0 5960.0 0.5967741935483871
19.8 6215.000000000001 0.5423728813559322
19.8 5984.000000000001 0.6896551724137931
19.8 6083.000000000001 0.6440677966101696
19.8 6105.000000000001 0.6271186440677966
19.8 6138.000000000001 0.576271186440678
19.8 6182.000000000001 0.5593220338983051
19.8 6028.000000000001 0.6551724137931034
20.0 5680.0 0.7
17.6 6105.000000000001 0.7
23.0 5590.0 0.65
23.0 5690.0 0.5666666666666667
18.700000000000003 6028.000000000001 0.6610169491525424
17.6 6138.000000000001 0.6610169491525424
23.0 5630.0 0.6
17.6 6171.000000000001 0.65
21.0 5520.0 0.711864406779661
17.6 6028.000000000001 0.711864406779661
19.8 5874.000000000001 0.7413793103448276
18.700000000000003 5907.000000000001 0.7241379310344828
16.5 6226.000000000001 0.6333333333333333
