39.6 6457.000000000001 0.5161290322580645
17.6 5995.000000000001 0.6379310344827587
18.700000000000003 5874.000000000001 0.7241379310344828
34.1 7051.000000000001 0.5074626865671642
24.200000000000003 6908.000000000001 0.5151515151515151
26.400000000000002 6380.000000000001 0.5166666666666666
18.700000000000003 6611.000000000001 0.5245901639344263
37.400000000000006 5929.000000000001 0.6551724137931034
18.700000000000003 5940.000000000001 0.6724137931034483
23.1 5951.000000000001 0.6206896551724138
36.300000000000004 5929.000000000001 0.6724137931034483
25.3 6270.000000000001 0.5423728813559322
20.900000000000002 6138.000000000001 0.576271186440678
19.8 5984.000000000001 0.603448275862069
18.700000000000003 6149.000000000001 0.5517241379310345
17.6 6171.000000000001 0.5932203389830508
17.6 6347.000000000001 0.5333333333333333
23.1 6578.000000000001 0.5245901639344263
17.6 6270.000000000001 0.576271186440678
20.900000000000002 5962.000000000001 0.6379310344827587
26.400000000000002 6127.000000000001 0.5833333333333333
23.1 6028.000000000001 0.5862068965517242
18.700000000000003 6072.000000000001 0.5862068965517242
19.8 6061.000000000001 0.5862068965517242
21.0 5520.0 0.711864406779661
16.5 6226.000000000001 0.6333333333333333
23.0 5480.0 0.7333333333333334
20.0 5660.0 0.7166666666666667
14.3 6292.000000000001 0.6833333333333333
15.400000000000002 6270.000000000001 0.6666666666666667
