24.200000000000003 6380.000000000001 0.5245901639344263
29.700000000000003 6303.000000000001 0.55
21.0 5790.0 0.6290322580645161
22.0 6677.000000000001 0.5396825396825398
18.700000000000003 5896.000000000001 0.6896551724137931
26.400000000000002 6028.000000000001 0.5689655172413793
19.0 5860.0 0.6451612903225806
20.900000000000002 6567.000000000001 0.5483870967741935
23.1 6380.000000000001 0.540983606557377
19.8 6292.000000000001 0.5573770491803278
16.5 6523.000000000001 0.5967741935483871
26.400000000000002 6017.000000000001 0.603448275862069
17.6 6182.000000000001 0.576271186440678
24.200000000000003 6061.000000000001 0.5932203389830508
21.0 6000.0 0.6129032258064516
17.6 6402.000000000001 0.55
18.700000000000003 5962.000000000001 0.6724137931034483
19.8 5984.000000000001 0.6206896551724138
19.8 6149.000000000001 0.5593220338983051
18.700000000000003 5984.000000000001 0.6379310344827587
18.700000000000003 6061.000000000001 0.603448275862069
19.8 6072.000000000001 0.5862068965517242
19.8 6083.000000000001 0.576271186440678
18.700000000000003 6116.000000000001 0.5862068965517242
18.700000000000003 6105.000000000001 0.5932203389830508
21.0 5520.0 0.711864406779661
16.5 6226.000000000001 0.6333333333333333
23.0 5480.0 0.7333333333333334
20.0 5660.0 0.7166666666666667
14.3 6292.000000000001 0.6833333333333333
15.400000000000002 6270.000000000001 0.6666666666666667
17.6 5995.000000000001 0.6379310344827587
18.700000000000003 5874.000000000001 0.7241379310344828
