23.1 6897.000000000001 0.53125
16.5 6226.000000000001 0.6333333333333333
31.900000000000002 5929.000000000001 0.6551724137931034
19.8 6644.000000000001 0.532258064516129
26.400000000000002 6105.000000000001 0.576271186440678
17.6 6446.000000000001 0.540983606557377
36.300000000000004 6028.000000000001 0.5862068965517242
19.8 5929.000000000001 0.6724137931034483
26.400000000000002 6193.000000000001 0.5423728813559322
20.900000000000002 5995.000000000001 0.603448275862069
23.1 6094.000000000001 0.5932203389830508
16.5 6336.000000000001 0.6
18.700000000000003 6358.000000000001 0.55
18.700000000000003 6248.000000000001 0.5666666666666667
23.1 5951.000000000001 0.6206896551724138
19.8 6259.000000000001 0.5333333333333333
17.6 6094.000000000001 0.6440677966101696
18.700000000000003 6061.000000000001 0.6101694915254237
17.6 6127.000000000001 0.6333333333333333
19.8 6138.000000000001 0.5517241379310345
18.700000000000003 6028.000000000001 0.6610169491525424
18.700000000000003 6127.000000000001 0.603448275862069
17.6 6171.000000000001 0.5932203389830508
19.8 6127.000000000001 0.5932203389830508
18.700000000000003 6039.000000000001 0.6271186440677966
17.6 6149.000000000001 0.6271186440677966
21.0 5520.0 0.711864406779661
17.6 6028.000000000001 0.711864406779661
19.8 5874.000000000001 0.7413793103448276
18.700000000000003 5907.000000000001 0.7241379310344828
