21.0 5790.0 0.6666666666666667
24.000000000000004 7464.000000000001 0.5
37.400000000000006 6270.000000000001 0.55
33.0 5984.000000000001 0.5862068965517242
26.400000000000002 6567.000000000001 0.5161290322580645
21.6 7080.000000000001 0.5333333333333333
37.400000000000006 6061.000000000001 0.576271186440678
17.6 6424.000000000001 0.5573770491803278
24.200000000000003 6292.000000000001 0.5166666666666666
22.0 6732.000000000001 0.5396825396825398
23.1 6644.000000000001 0.5483870967741935
20.900000000000002 6050.000000000001 0.603448275862069
23.0 5950.0 0.6065573770491803
19.8 5984.000000000001 0.6551724137931034
17.6 6149.000000000001 0.6271186440677966
19.8 6061.000000000001 0.6379310344827587
17.6 6325.000000000001 0.5833333333333333
17.6 6314.000000000001 0.6229508196721312
18.700000000000003 6072.000000000001 0.6440677966101696
18.700000000000003 6083.000000000001 0.6206896551724138
18.700000000000003 6116.000000000001 0.5517241379310345
17.6 6083.000000000001 0.6440677966101696
21.0 5520.0 0.711864406779661
17.6 6028.000000000001 0.711864406779661
19.8 5874.000000000001 0.7413793103448276
18.700000000000003 5907.000000000001 0.7241379310344828
16.5 6226.000000000001 0.6333333333333333
