26.953080000000007 5292.000000000001 0.88
29.838 5196.000000000001 0.6938775510204082
26.953080000000007 5796.000000000001 0.6538461538461539
32.85804 5496.000000000001 0.5918367346938775
32.85804 5220.000000000001 0.653061224489796
26.953080000000007 5376.000000000001 0.76
28.236840000000004 5508.000000000001 0.6122448979591837
28.050120000000003 5688.000000000001 0.6274509803921569
29.838 5292.000000000001 0.653061224489796
26.953080000000007 5628.000000000001 0.6599999999999999
26.953080000000007 5448.000000000001 0.7
28.050120000000003 5316.000000000001 0.6326530612244898
26.953080000000007 5400.000000000001 0.74
26.953080000000007 5460.000000000001 0.6799999999999999
28.050120000000003 5268.000000000001 0.7346938775510203
28.050120000000003 5304.000000000001 0.7142857142857143
28.204080000000005 5292.000000000001 0.7142857142857143
31.070160000000005 5136.000000000001 0.75
32.85804 5112.000000000001 0.7916666666666666
28.204080000000005 5196.000000000001 0.7959183673469388
