29.223920000000007 4884.0 0.7551020408163265
29.223920000000007 4917.0 0.6938775510204082
26.953080000000007 5556.000000000001 0.6799999999999999
28.204080000000005 5172.000000000001 0.7291666666666667
26.953080000000007 5616.000000000001 0.6599999999999999
29.223920000000007 4840.0 0.7959183673469388
28.050120000000003 5232.000000000001 0.6458333333333333
26.953080000000007 5376.000000000001 0.78
29.223920000000007 4939.0 0.6734693877551021
26.953080000000007 5436.000000000001 0.72
28.050120000000003 5148.000000000001 0.7708333333333334
29.223920000000007 4906.0 0.7346938775510203
28.050120000000003 5172.000000000001 0.75
26.953080000000007 5532.000000000001 0.6862745098039216
29.223920000000007 4994.0 0.6122448979591837
29.223920000000007 4829.0 0.8571428571428572
