26.953080000000007 5292.000000000001 0.88
29.838 5196.000000000001 0.6938775510204082
32.85804 5220.000000000001 0.653061224489796
26.953080000000007 5376.000000000001 0.76
28.236840000000004 5508.000000000001 0.6122448979591837
28.050120000000003 5688.000000000001 0.6274509803921569
29.838 5292.000000000001 0.653061224489796
26.953080000000007 5448.000000000001 0.7
28.050120000000003 5316.000000000001 0.6326530612244898
26.953080000000007 5460.000000000001 0.6799999999999999
28.050120000000003 5268.000000000001 0.7346938775510203
28.050120000000003 5304.000000000001 0.7142857142857143
28.204080000000005 5292.000000000001 0.7142857142857143
32.85804 5460.000000000001 0.5510204081632653
40.37136000000001 5208.000000000001 0.6458333333333333
32.85804 5124.000000000001 0.7346938775510203
28.236840000000004 5256.000000000001 0.7346938775510203
26.953080000000007 5544.000000000001 0.6599999999999999
31.070160000000005 5472.000000000001 0.6122448979591837
29.838 5268.000000000001 0.6734693877551021
26.953080000000007 5580.000000000001 0.64
26.953080000000007 5400.000000000001 0.72
26.953080000000007 5352.000000000001 0.8
26.953080000000007 5340.000000000001 0.8200000000000001
32.85804 5172.000000000001 0.6875
40.37136000000001 5136.000000000001 0.7291666666666667
28.050120000000003 5208.000000000001 0.7755102040816326
32.85804 5232.000000000001 0.5833333333333333
26.953080000000007 5316.000000000001 0.86
32.85804 5160.000000000001 0.7083333333333333
29.838 5748.000000000001 0.5882352941176471
31.070160000000005 5136.000000000001 0.75
32.85804 5112.000000000001 0.7916666666666666
28.204080000000005 5196.000000000001 0.7959183673469388
