28.555200000000003 7620.000000000001 0.5970149253731343
28.308480000000007 7668.000000000001 0.6617647058823529
20.008890000000005 6413.000000000001 0.6666666666666667
35.48076000000001 7092.000000000001 0.6461538461538461
32.24916 7212.000000000001 0.6307692307692307
28.66920000000001 7344.000000000001 0.6307692307692307
25.12433 6292.000000000001 0.6825396825396826
21.24441 6094.000000000001 0.7049180327868853
20.008890000000005 6215.000000000001 0.7096774193548387
21.24441 6050.000000000001 0.75
20.24462 5907.000000000001 0.7833333333333333
21.24441 6314.000000000001 0.6885245901639344
26.09387 6083.000000000001 0.728813559322034
20.24462 6061.000000000001 0.7333333333333334
20.008890000000005 6116.000000000001 0.8064516129032258
20.008890000000005 6149.000000000001 0.7580645161290323
20.008890000000005 6127.000000000001 0.7868852459016393
20.008890000000005 6138.000000000001 0.7704918032786885
25.12433 5709.000000000001 0.7457627118644068
20.13737 5852.000000000001 0.85
21.34924 5819.000000000001 0.8305084745762712
