25.12433 6006.000000000001 0.6666666666666667
20.008890000000005 6149.000000000001 0.6885245901639344
25.12433 6138.000000000001 0.65
20.008890000000005 6171.000000000001 0.6557377049180328
25.12433 5973.000000000001 0.7166666666666667
21.82092 5951.000000000001 0.8360655737704918
25.12433 5852.000000000001 0.7333333333333334
20.008890000000005 6050.000000000001 0.7049180327868853
20.008890000000005 5984.000000000001 0.7540983606557377
21.8427 6039.000000000001 0.7377049180327868
21.1453 6435.000000000001 0.6451612903225806
21.82092 6347.000000000001 0.6451612903225806
21.82092 6567.000000000001 0.6290322580645161
20.13737 6050.000000000001 0.6721311475409837
25.12433 6182.000000000001 0.6065573770491803
25.12433 5830.000000000001 0.8333333333333334
21.001970000000004 6479.000000000001 0.6451612903225806
