28.555200000000003 7620.000000000001 0.5970149253731343
28.308480000000007 7668.000000000001 0.6617647058823529
20.008890000000005 6413.000000000001 0.6666666666666667
35.48076000000001 7092.000000000001 0.6461538461538461
32.24916 7212.000000000001 0.6307692307692307
28.66920000000001 7344.000000000001 0.6307692307692307
25.12433 6292.000000000001 0.6825396825396826
21.24441 6094.000000000001 0.7049180327868853
20.008890000000005 6215.000000000001 0.7096774193548387
33.30684000000001 7104.000000000001 0.640625
20.24462 6017.000000000001 0.7333333333333334
26.09387 5896.000000000001 0.6896551724137931
20.008890000000005 5896.000000000001 0.8333333333333334
20.24462 6149.000000000001 0.7166666666666667
28.555200000000003 7356.000000000001 0.6515151515151515
21.24441 5819.000000000001 0.847457627118644
21.24441 6127.000000000001 0.6885245901639344
21.24441 5995.000000000001 0.711864406779661
20.008890000000005 6226.000000000001 0.6833333333333333
20.50906 6138.000000000001 0.7
20.008890000000005 5929.000000000001 0.7833333333333333
32.24916 6924.000000000001 0.65625
20.008890000000005 5973.000000000001 0.7666666666666666
26.09387 5797.000000000001 0.7068965517241379
21.24441 5786.000000000001 0.864406779661017
20.24462 5841.000000000001 0.8666666666666667
20.008890000000005 6105.000000000001 0.7333333333333334
21.24441 5852.000000000001 0.7796610169491526
20.24462 5995.000000000001 0.75
26.09387 5676.000000000001 0.8275862068965517
28.66920000000001 7188.000000000001 0.65625
20.008890000000005 6171.000000000001 0.7166666666666667
21.24441 5874.000000000001 0.7457627118644068
20.24462 5962.000000000001 0.7666666666666666
20.008890000000005 5907.000000000001 0.8166666666666667
20.008890000000005 6061.000000000001 0.75
20.24462 5896.000000000001 0.7833333333333333
20.24462 6193.000000000001 0.7049180327868853
25.12433 5709.000000000001 0.7457627118644068
20.13737 5852.000000000001 0.85
21.34924 5819.000000000001 0.8305084745762712
