34.45741 1794.0000000000005 0.9375
32.134310000000006 1911.0000000000005 0.9411764705882353
31.847790000000007 2197.0000000000005 0.7894736842105263
31.847790000000007 2262.0000000000005 0.5789473684210527
32.73624 2100.0000000000005 0.4736842105263158
34.45741 1911.0000000000005 0.6875
32.73624 2052.0000000000005 0.5789473684210527
31.847790000000007 2132.0000000000005 0.8421052631578947
34.45741 1859.0000000000005 0.75
31.847790000000007 2210.0000000000005 0.6842105263157895
32.134310000000006 1937.0000000000005 0.8235294117647058
32.134310000000006 1950.0000000000005 0.7058823529411764
32.73624 2076.0000000000005 0.5263157894736843
34.45741 1807.0000000000005 0.8125
32.134310000000006 2119.0000000000005 0.5294117647058824
32.134310000000006 2041.0000000000005 0.5882352941176471
34.45741 1924.0000000000005 0.625
32.134310000000006 2002.0000000000005 0.6470588235294117
32.73624 2016.0000000000002 0.631578947368421
