31.847790000000007 2275.0000000000005 0.631578947368421
32.134310000000006 1924.0000000000005 0.8823529411764706
31.847790000000007 2314.0000000000005 0.5789473684210527
32.134310000000006 1937.0000000000005 0.8235294117647058
34.45741 1833.0000000000005 0.8125
34.45741 1781.0000000000005 1.0
34.45741 1859.0000000000005 0.6875
31.847790000000007 2197.0000000000005 0.736842105263158
32.134310000000006 2002.0000000000005 0.6470588235294117
32.134310000000006 1989.0000000000005 0.7058823529411764
34.45741 2002.0000000000005 0.625
34.45741 1807.0000000000005 0.875
32.134310000000006 2067.0000000000005 0.5882352941176471
32.134310000000006 1911.0000000000005 0.9411764705882353
31.847790000000007 2236.0000000000005 0.6842105263157895
31.847790000000007 2171.0000000000005 0.8421052631578947
32.134310000000006 1963.0000000000005 0.7647058823529411
32.134310000000006 2080.0000000000005 0.5294117647058824
32.73624 2064.0000000000005 0.5263157894736843
31.847790000000007 2561.0000000000005 0.5714285714285714
32.73624 2040.0000000000002 0.631578947368421
32.73624 2076.0000000000005 0.4736842105263158
32.73624 2052.0000000000005 0.5789473684210527
32.134310000000006 2210.0000000000005 0.5
