22.39796 1170.0000000000002 0.9090909090909091
27.809860000000004 1196.0000000000002 0.5
27.809860000000004 1079.0000000000002 0.9
22.39796 1417.0000000000002 0.5454545454545454
27.809860000000004 1105.0000000000002 0.8
22.39796 1287.0000000000002 0.6363636363636364
26.12948 1391.0000000000002 0.5833333333333333
22.39796 1222.0000000000002 0.7272727272727273
27.809860000000004 1118.0000000000002 0.7
22.39796 1209.0000000000002 0.8181818181818181
27.809860000000004 1144.0000000000002 0.6
34.16387 1326.0000000000002 0.4545454545454546
