41.169180000000004 4667.000000000001 0.631578947368421
23.384130000000003 4136.0 0.8809523809523809
27.85644 3660.0000000000005 0.8857142857142857
32.674850000000006 4706.000000000001 0.6666666666666667
28.74096000000001 4476.000000000001 0.675
27.85644 3828.0000000000005 0.7428571428571429
23.384130000000003 4246.0 0.6904761904761905
25.349160000000005 3780.0000000000005 0.8285714285714285
29.838 4128.000000000001 0.7027027027027026
23.384130000000003 4224.0 0.7857142857142857
25.349160000000005 4116.000000000001 0.7105263157894737
25.349160000000005 3948.0000000000005 0.7222222222222222
23.384130000000003 4158.0 0.8333333333333334
25.349160000000005 3864.0000000000005 0.8055555555555556
27.85644 3696.0000000000005 0.8571428571428572
29.838 3864.0000000000005 0.7222222222222222
27.85644 3780.0000000000005 0.8
23.384130000000003 4213.0 0.8095238095238095
23.384130000000003 4147.0 0.8571428571428572
25.349160000000005 4176.000000000001 0.6842105263157895
