22.976910000000004 3487.0000000000005 0.8333333333333334
22.976910000000004 3520.0000000000005 0.7777777777777778
22.976910000000004 3509.0000000000005 0.8055555555555556
22.976910000000004 3608.0000000000005 0.7222222222222222
44.440889999999996 4823.000000000001 0.6341463414634146
22.976910000000004 3619.0000000000005 0.6944444444444444
22.976910000000004 3531.0000000000005 0.75
22.976910000000004 3740.0000000000005 0.6756756756756757
25.27525 3718.0000000000005 0.6756756756756757
25.745280000000005 3795.0000000000005 0.6578947368421053
