41.169180000000004 4667.000000000001 0.631578947368421
27.85644 3660.0000000000005 0.8857142857142857
23.384130000000003 4246.0 0.6904761904761905
25.349160000000005 3948.0000000000005 0.7222222222222222
27.85644 3696.0000000000005 0.8571428571428572
29.838 3864.0000000000005 0.7222222222222222
23.384130000000003 4224.0 0.7619047619047619
25.349160000000005 4056.0000000000005 0.6944444444444444
25.349160000000005 4008.0000000000005 0.7142857142857143
23.384130000000003 4213.0 0.7857142857142857
41.169180000000004 5473.000000000001 0.6
29.838 4044.0000000000005 0.6944444444444444
23.384130000000003 4114.0 0.8048780487804879
29.838 3984.0000000000005 0.7027027027027026
25.349160000000005 3708.0000000000005 0.8857142857142857
25.349160000000005 3720.0000000000005 0.8
28.74096000000001 4368.000000000001 0.675
29.838 4260.000000000001 0.6666666666666667
27.85644 3876.0000000000005 0.7142857142857143
25.349160000000005 4104.000000000001 0.6756756756756757
23.384130000000003 4037.0000000000005 0.9024390243902439
25.349160000000005 3768.0000000000005 0.7428571428571429
24.66233 4180.0 0.7857142857142857
25.349160000000005 3684.0000000000005 0.9142857142857143
23.384130000000003 4059.0000000000005 0.8292682926829268
25.27525 3839.0000000000005 0.7567567567567568
