24.00013 2310.0 0.6086956521739131
22.28039 2486.0 0.625
22.28039 2376.0 0.75
23.363780000000006 2365.0 0.8333333333333334
23.363780000000006 2453.0 0.5833333333333333
22.28039 2409.0 0.7083333333333333
27.080900000000003 2277.0 0.6086956521739131
25.083520000000004 2365.0 0.5652173913043479
25.36116 2596.0 0.56
24.00013 2211.0 0.8260869565217391
22.28039 2442.0 0.6666666666666667
24.00013 2222.0 0.6956521739130435
23.363780000000006 2420.0 0.6666666666666667
24.00013 2277.0 0.6521739130434783
23.883420000000005 2365.0 0.75
