31.847790000000007 2197.0000000000005 0.7894736842105263
32.73624 2040.0000000000002 0.631578947368421
32.134310000000006 2054.0000000000005 0.5882352941176471
31.847790000000007 2210.0000000000005 0.6842105263157895
31.847790000000007 2496.0000000000005 0.55
32.134310000000006 2418.0000000000005 0.4736842105263158
34.45741 1898.0000000000005 0.6875
34.45741 1820.0000000000005 0.875
32.134310000000006 1963.0000000000005 0.7647058823529411
32.73624 2052.0000000000005 0.5789473684210527
34.45741 1807.0000000000005 0.9375
32.134310000000006 2067.0000000000005 0.5294117647058824
36.60943 2392.0000000000005 0.44999999999999996
34.45741 1833.0000000000005 0.8125
32.134310000000006 1911.0000000000005 0.8235294117647058
32.73624 2076.0000000000005 0.5263157894736843
31.847790000000007 2379.0000000000005 0.5789473684210527
34.45741 1794.0000000000005 1.0
31.847790000000007 2171.0000000000005 0.8421052631578947
32.134310000000006 2249.0000000000005 0.5
34.45741 1976.0000000000005 0.625
32.134310000000006 1898.0000000000005 0.9411764705882353
31.847790000000007 2249.0000000000005 0.631578947368421
32.73624 2124.0000000000005 0.4736842105263158
32.134310000000006 2015.0000000000005 0.6470588235294117
34.45741 1846.0000000000005 0.75
32.134310000000006 1976.0000000000005 0.7058823529411764
