20.900000000000002 4609.0 0.5777777777777777
16.5 4664.0 0.7021276595744681
16.5 4763.0 0.5957446808510638
16.5 4873.0 0.5106382978723405
16.5 4774.0 0.574468085106383
16.5 4840.0 0.5319148936170213
16.5 4719.0 0.6808510638297872
22.0 5291.0 0.47058823529411764
17.6 4543.0 0.6444444444444444
22.0 4345.0 0.6046511627906976
17.6 4620.0 0.6
22.0 4301.0 0.7441860465116279
17.6 4631.0 0.5333333333333333
20.900000000000002 4807.0 0.5217391304347826
22.0 4422.0 0.5813953488372092
17.6 4488.0 0.6666666666666667
22.0 4312.0 0.6744186046511628
17.6 4587.0 0.6222222222222222
22.0 4444.0 0.5581395348837209
22.0 4576.0 0.5
