16.5 4752.0 0.6595744680851063
22.0 4312.0 0.6428571428571428
16.5 4686.0 0.7446808510638299
20.900000000000002 5379.0 0.5098039215686274
16.5 4917.0 0.5531914893617021
22.0 4510.0 0.5681818181818181
17.6 4708.0 0.5217391304347826
22.0 4323.0 0.5714285714285714
16.5 4708.0 0.7021276595744681
17.6 4653.0 0.5777777777777777
16.5 4785.0 0.6382978723404256
22.0 4279.0 0.6666666666666667
22.0 4873.0 0.44680851063829785
20.900000000000002 4598.0 0.5777777777777777
20.900000000000002 4686.0 0.5434782608695652
22.0 4620.0 0.5333333333333333
16.5 4829.0 0.5957446808510638
17.6 4499.0 0.6222222222222222
16.5 4983.0 0.5416666666666667
17.6 4686.0 0.5555555555555556
18.700000000000003 4631.0 0.5555555555555556
17.6 4565.0 0.6
16.5 5093.0 0.5208333333333333
22.0 4521.0 0.5348837209302326
25.3 4532.0 0.4772727272727273
25.3 4455.0 0.5454545454545454
