22.0 4477.0 0.5813953488372092
17.0 4890.0 0.5882352941176471
17.0 4480.0 0.6938775510204082
20.900000000000002 5115.0 0.5306122448979591
25.3 4466.0 0.5348837209302326
28.6 4114.0 0.5609756097560976
25.3 4235.0 0.6190476190476191
17.0 4550.0 0.653061224489796
25.3 4180.0 0.6428571428571428
17.0 4830.0 0.607843137254902
19.0 4730.0 0.5882352941176471
17.6 4840.0 0.5652173913043479
27.500000000000004 4268.0 0.5714285714285714
17.0 4690.0 0.6274509803921569
17.0 4600.0 0.64
25.3 4356.0 0.5714285714285714
16.5 4796.0 0.6382978723404256
18.700000000000003 4576.0 0.6
17.0 4510.0 0.6734693877551021
25.3 4532.0 0.4651162790697675
22.0 4367.0 0.6046511627906976
17.6 4972.0 0.5625
28.6 4180.0 0.5121951219512195
25.3 4257.0 0.5952380952380952
15.400000000000002 5115.0 0.5510204081632653
15.400000000000002 5071.0 0.5714285714285714
19.0 4420.0 0.6734693877551021
22.0 4356.0 0.6511627906976745
22.0 4818.0 0.5
22.0 4312.0 0.6744186046511628
22.0 4730.0 0.5434782608695652
16.5 4785.0 0.6808510638297872
15.400000000000002 5016.0 0.5918367346938775
17.6 4741.0 0.6086956521739131
20.900000000000002 4532.0 0.6666666666666667
19.0 4580.0 0.5918367346938775
24.200000000000003 5159.0 0.48
28.6 4092.0000000000005 0.6585365853658536
18.700000000000003 4763.0 0.5434782608695652
27.500000000000004 4356.0 0.5476190476190477
28.6 4158.0 0.5365853658536586
19.0 4540.0 0.6122448979591837
17.6 4653.0 0.6304347826086957
22.0 4653.0 0.5555555555555556
16.5 4873.0 0.6170212765957447
17.6 4752.0 0.5869565217391304
15.400000000000002 4983.0 0.6122448979591837
20.900000000000002 4906.0 0.5319148936170213
16.5 4961.0 0.5833333333333333
24.200000000000003 4477.0 0.5454545454545454
28.6 4235.0 0.46341463414634143
20.900000000000002 4631.0 0.5777777777777777
