22.0 4345.0 0.5714285714285714
16.5 4807.0 0.5957446808510638
16.5 4829.0 0.574468085106383
22.0 4279.0 0.6666666666666667
17.6 4499.0 0.5909090909090908
27.500000000000004 4312.0 0.5952380952380952
27.500000000000004 4257.0 0.7142857142857143
22.0 4301.0 0.6190476190476191
16.5 4785.0 0.7446808510638299
16.5 4884.0 0.5319148936170213
22.0 4268.0 0.7619047619047619
17.6 4565.0 0.5454545454545454
16.5 4796.0 0.6595744680851063
16.5 5049.0 0.4897959183673469
17.6 4477.0 0.6136363636363636
17.6 4433.0 0.6818181818181819
17.6 4653.0 0.5333333333333333
16.5 5005.0 0.5208333333333333
27.500000000000004 4411.0 0.5476190476190477
17.6 4675.0 0.5111111111111111
22.0 4334.0 0.5952380952380952
22.0 4433.0 0.5
22.0 4257.0 0.7857142857142857
25.3 4268.0 0.6190476190476191
27.500000000000004 4466.0 0.47619047619047616
