25.3 4829.0 0.4782608695652174
20.900000000000002 4422.0 0.7272727272727273
28.6 4279.0 0.5714285714285714
28.6 4257.0 0.5952380952380952
28.6 4169.0 0.7073170731707317
22.0 4345.0 0.627906976744186
16.5 5038.0 0.5
27.500000000000004 4433.0 0.5116279069767442
20.900000000000002 4532.0 0.6818181818181819
17.6 4774.0 0.5217391304347826
16.5 4686.0 0.8297872340425532
17.6 4565.0 0.6444444444444444
17.6 5203.0 0.4897959183673469
28.6 4455.0 0.4883720930232558
22.0 4323.0 0.7209302325581395
25.3 4411.0 0.5581395348837209
28.6 4290.0 0.5476190476190477
28.6 4224.0 0.6190476190476191
17.6 4587.0 0.6222222222222222
22.0 4312.0 0.7441860465116279
28.6 4202.0 0.6428571428571428
27.500000000000004 4411.0 0.5348837209302326
22.0 4433.0 0.5813953488372092
17.6 4631.0 0.5777777777777777
22.0 4466.0 0.5348837209302326
20.900000000000002 4785.0 0.5111111111111111
16.5 4763.0 0.5957446808510638
17.6 4510.0 0.6888888888888889
20.900000000000002 4708.0 0.5555555555555556
25.3 4708.0 0.5217391304347826
28.6 4301.0 0.5238095238095238
17.6 4741.0 0.5652173913043479
16.5 4708.0 0.7021276595744681
25.3 4598.0 0.5227272727272727
28.6 4356.0 0.5
27.500000000000004 4312.0 0.7209302325581395
27.500000000000004 4400.0 0.5813953488372092
16.5 4906.0 0.5531914893617021
17.6 4763.0 0.5434782608695652
27.500000000000004 4576.0 0.4772727272727273
16.5 4730.0 0.6595744680851063
