28.6 4213.0 0.5365853658536586
16.5 4906.0 0.5319148936170213
28.6 4169.0 0.6829268292682926
24.200000000000003 4774.0 0.5217391304347826
16.5 4796.0 0.574468085106383
22.0 4202.0 0.6190476190476191
17.6 4532.0 0.5227272727272727
16.5 4972.0 0.4893617021276596
28.6 4268.0 0.5121951219512195
16.5 4785.0 0.7234042553191489
28.6 4191.0 0.6341463414634146
22.0 4378.0 0.5238095238095238
22.0 4301.0 0.5952380952380952
28.6 4114.0 0.7073170731707317
17.6 4466.0 0.6136363636363636
27.500000000000004 4598.0 0.5
28.6 4334.0 0.4878048780487805
17.6 4499.0 0.5681818181818181
22.0 4334.0 0.5714285714285714
17.6 4433.0 0.7045454545454546
