27.500000000000004 4323.0 0.5238095238095238
28.6 4257.0 0.5365853658536586
25.3 4367.0 0.6818181818181819
22.0 4521.0 0.6222222222222222
25.3 4488.0 0.5681818181818181
25.3 4510.0 0.5454545454545454
27.500000000000004 4268.0 0.5952380952380952
28.6 4191.0 0.6097560975609756
16.5 4752.0 0.7021276595744681
27.500000000000004 4235.0 0.6904761904761905
22.0 4488.0 0.7111111111111111
28.6 4147.0 0.6341463414634146
24.200000000000003 4620.0 0.5869565217391304
15.400000000000002 5038.0 0.6599999999999999
16.5 4719.0 0.7659574468085106
16.5 4818.0 0.6595744680851063
25.3 4400.0 0.5909090909090908
16.5 4884.0 0.574468085106383
20.900000000000002 4675.0 0.48888888888888893
16.5 4774.0 0.6808510638297872
25.3 4389.0 0.6590909090909092
28.6 4136.0 0.6585365853658536
17.6 4499.0 0.7111111111111111
27.500000000000004 4257.0 0.6666666666666667
27.500000000000004 4224.0 0.7619047619047619
16.5 4851.0 0.5957446808510638
15.400000000000002 5137.0 0.54
24.200000000000003 4785.0 0.4782608695652174
25.3 4576.0 0.5
28.6 4213.0 0.5853658536585367
16.5 5082.0 0.5416666666666667
17.6 4576.0 0.6
25.3 4565.0 0.5227272727272727
17.6 4521.0 0.6666666666666667
20.900000000000002 4664.0 0.5333333333333333
17.6 4642.0 0.5555555555555556
28.6 4499.0 0.5116279069767442
18.700000000000003 4840.0 0.5434782608695652
