22.0 4345.0 0.6511627906976745
15.400000000000002 5258.0 0.6799999999999999
15.400000000000002 5225.0 0.7
17.6 4620.0 0.5777777777777777
22.0 4378.0 0.6046511627906976
15.400000000000002 5280.0 0.64
16.5 4939.0 0.5416666666666667
17.6 4532.0 0.6222222222222222
17.6 4499.0 0.8
19.8 4697.0 0.5333333333333333
25.3 4400.0 0.5813953488372092
16.5 4796.0 0.574468085106383
16.5 4752.0 0.7872340425531915
17.6 4565.0 0.6
22.0 4477.0 0.5348837209302326
16.5 4763.0 0.6382978723404256
17.6 4675.0 0.5555555555555556
22.0 4323.0 0.7209302325581395
21.6 5388.000000000001 0.5319148936170213
22.0 4433.0 0.5813953488372092
21.6 5436.000000000001 0.5217391304347826
