25.3 4290.0 0.6190476190476191
25.3 4378.0 0.5
17.0 4560.0 0.6734693877551021
28.6 4169.0 0.5121951219512195
27.500000000000004 4279.0 0.5476190476190477
37.2 5196.000000000001 0.4666666666666667
28.6 4103.0 0.6585365853658536
27.500000000000004 4235.0 0.5952380952380952
25.3 4268.0 0.6428571428571428
17.6 4631.0 0.5111111111111111
28.6 4081.0000000000005 0.7317073170731707
25.3 4345.0 0.5714285714285714
17.0 4420.0 0.7346938775510203
22.0 4345.0 0.7441860465116279
25.3 4213.0 0.7857142857142857
22.0 4301.0 0.813953488372093
22.0 4466.0 0.6046511627906976
28.6 4147.0 0.5853658536585367
22.0 4477.0 0.5813953488372092
22.0 4378.0 0.6511627906976745
16.5 4697.0 0.7234042553191489
18.700000000000003 5214.0 0.5102040816326531
19.0 4570.0 0.6122448979591837
16.5 4785.0 0.6170212765957447
22.0 4367.0 0.6976744186046512
24.200000000000003 4609.0 0.5333333333333333
25.3 4224.0 0.6666666666666667
28.6 4125.0 0.6341463414634146
16.5 4851.0 0.5531914893617021
27.500000000000004 4202.0 0.6190476190476191
19.8 5390.0 0.4807692307692307
27.500000000000004 4334.0 0.47619047619047616
22.0 4587.0 0.5348837209302326
16.5 4774.0 0.6382978723404256
17.6 4543.0 0.7111111111111111
25.3 4642.0 0.4772727272727273
17.6 4554.0 0.6222222222222222
17.6 4477.0 0.7333333333333334
17.6 4609.0 0.5555555555555556
18.700000000000003 5841.000000000001 0.5
27.500000000000004 4191.0 0.7142857142857143
16.5 5610.0 0.537037037037037
16.5 5060.0 0.5416666666666667
18.700000000000003 4587.0 0.6
16.5 5720.000000000001 0.5185185185185186
23.1 4785.0 0.5
