23.950800000000005 3910.0 0.6341463414634146
26.9544 3310.0 0.6944444444444444
23.213699999999996 3070.0 0.8857142857142857
19.426399999999997 3320.0 0.8108108108108107
24.865 3470.0 0.6756756756756757
22.4559 3650.0 0.65
21.1243 3120.0 0.8
19.426399999999997 3280.0 0.8378378378378378
20.1584 3700.0 0.7435897435897436
20.2101 3860.0 0.7380952380952381
22.4559 3560.0 0.6923076923076923
21.1243 3210.0 0.7714285714285715
20.2101 3900.0 0.6904761904761905
19.426399999999997 3380.0 0.7567567567567568
21.1243 3270.0 0.7142857142857143
21.1243 3400.0 0.7027027027027026
21.1243 3240.0 0.7428571428571429
