23.950800000000005 3910.0 0.6341463414634146
26.9544 3310.0 0.6944444444444444
22.4559 3650.0 0.65
21.1243 3120.0 0.8
21.1243 3270.0 0.7142857142857143
21.1243 3400.0 0.7027027027027026
21.1243 3240.0 0.7428571428571429
25.8918 3590.0 0.65
19.426399999999997 3350.0 0.7297297297297297
19.426399999999997 3310.0 0.7837837837837838
22.420299999999997 3460.0 0.6756756756756757
20.2198 3490.0 0.7105263157894737
27.3817 3830.0 0.6341463414634146
19.426399999999997 3260.0 0.8378378378378378
19.426399999999997 3290.0 0.8108108108108107
23.213699999999996 3110.0 0.8571428571428572
19.1669 3350.0 0.8108108108108107
21.1243 3000.0 0.8857142857142857
19.1669 3320.0 0.8378378378378378
21.1243 3160.0 0.7714285714285715
18.4349 3360.0 0.8157894736842105
19.1669 3450.0 0.7567567567567568
18.4349 3580.0 0.6842105263157895
19.1669 3360.0 0.7837837837837838
18.4349 3380.0 0.7631578947368421
19.1669 3260.0 0.8648648648648649
24.865 3620.0 0.6666666666666667
