22.800030000000003 2310.0 0.9166666666666667
22.28039 2387.0 0.7791666666666667
24.00013 2200.0 0.9086956521739131
24.00013 2244.0 0.7652173913043478
24.00013 2277.0 0.6695652173913045
22.800030000000003 2409.0 0.6875
24.00013 2233.0 0.8130434782608695
22.28039 2365.0 0.8708333333333333
22.800030000000003 2321.0 0.7791666666666667
22.28039 2409.0 0.7333333333333335
22.28039 2376.0 0.8250000000000001
22.800030000000003 2365.0 0.7333333333333335
22.800030000000003 2453.0 0.6416666666666666
24.00013 2266.0 0.7173913043478262
22.28039 2442.0 0.6875
22.28039 2574.0 0.6416666666666666
24.00013 2332.0 0.6217391304347827
