29.320080000000008 2952.0000000000005 0.7142857142857143
23.31168 3072.0000000000005 0.8620689655172413
28.085760000000008 3564.0000000000005 0.5757575757575757
23.31168 3048.0000000000005 0.9655172413793104
29.320080000000008 3060.0000000000005 0.6785714285714286
25.065720000000006 2988.0000000000005 0.8571428571428572
23.31168 3084.0000000000005 0.8275862068965517
25.065720000000006 3420.0000000000005 0.6774193548387097
23.31168 3276.0000000000005 0.6896551724137931
23.31168 3096.0000000000005 0.7586206896551724
28.085760000000008 3168.0000000000005 0.6896551724137931
25.065720000000006 3396.0000000000005 0.6875
25.065720000000006 3012.0000000000005 0.7857142857142857
23.31168 3552.0000000000005 0.625
23.31168 3168.0000000000005 0.7241379310344828
28.085760000000008 3252.0000000000005 0.6551724137931034
23.31168 3456.0000000000005 0.6875
29.320080000000008 3216.0000000000005 0.6666666666666667
28.085760000000008 3432.0000000000005 0.625
25.065720000000006 3036.0000000000005 0.7142857142857143
25.065720000000006 2976.0000000000005 0.8928571428571429
