23.31168 3228.0000000000005 0.6551724137931034
35.596210000000006 3510.000000000001 0.6206896551724138
25.065720000000006 2952.0000000000005 0.8928571428571429
29.320080000000008 2976.0000000000005 0.7857142857142857
25.065720000000006 2964.0000000000005 0.8571428571428572
25.065720000000006 2976.0000000000005 0.8214285714285714
25.065720000000006 3096.0000000000005 0.7142857142857143
23.31168 3096.0000000000005 0.7931034482758621
23.31168 3012.0000000000005 0.8275862068965517
25.065720000000006 3324.0000000000005 0.6451612903225806
28.085760000000008 3504.0000000000005 0.625
23.31168 3156.0000000000005 0.7586206896551724
25.065720000000006 3000.0000000000005 0.7857142857142857
35.596210000000006 3640.000000000001 0.5666666666666667
25.065720000000006 3012.0000000000005 0.75
23.31168 3180.0000000000005 0.7241379310344828
28.085760000000008 3168.0000000000005 0.6896551724137931
29.320080000000008 3204.0000000000005 0.6551724137931034
29.320080000000008 3312.0000000000005 0.6333333333333333
29.320080000000008 3012.0000000000005 0.7142857142857143
29.320080000000008 2940.0000000000005 0.8214285714285714
29.320080000000008 3060.0000000000005 0.6785714285714286
