29.320080000000008 2952.0000000000005 0.7142857142857143
28.085760000000008 3564.0000000000005 0.5757575757575757
29.320080000000008 3060.0000000000005 0.6785714285714286
23.31168 3276.0000000000005 0.6896551724137931
23.31168 3552.0000000000005 0.625
25.065720000000006 3036.0000000000005 0.7142857142857143
35.596210000000006 3419.000000000001 0.5517241379310345
23.31168 3156.0000000000005 0.7241379310344828
25.065720000000006 3348.0000000000005 0.6774193548387097
25.065720000000006 3084.0000000000005 0.6785714285714286
23.31168 3060.0000000000005 0.7586206896551724
25.065720000000006 3480.0000000000005 0.6129032258064516
25.065720000000006 3396.0000000000005 0.6451612903225806
25.065720000000006 3000.0000000000005 0.75
25.065720000000006 2952.0000000000005 0.7857142857142857
28.085760000000008 3180.0000000000005 0.6551724137931034
23.31168 3024.0000000000005 0.8275862068965517
23.31168 3444.0000000000005 0.65625
25.065720000000006 2940.0000000000005 0.8928571428571429
28.085760000000008 3204.0000000000005 0.5862068965517242
