32.70984000000001 5364.000000000001 0.5957446808510638
31.738200000000003 5028.000000000001 0.8085106382978724
32.70984000000001 5004.000000000001 0.7446808510638299
36.80796000000001 4992.000000000001 0.7446808510638299
36.80796000000001 4968.000000000001 0.7659574468085106
36.80796000000001 4944.000000000001 0.8297872340425532
28.050120000000003 5592.000000000001 0.64
36.80796000000001 5040.000000000001 0.6808510638297872
37.7796 4980.000000000001 0.7446808510638299
36.80796000000001 5028.000000000001 0.7234042553191489
28.050120000000003 5496.000000000001 0.7
31.738200000000003 4992.000000000001 0.8297872340425532
