26.953080000000007 5340.000000000001 0.8
32.85804 5472.000000000001 0.5306122448979591
31.070160000000005 5652.000000000001 0.5800000000000001
32.85804 5112.000000000001 0.7916666666666666
32.85804 5304.000000000001 0.6326530612244898
31.070160000000005 5256.000000000001 0.6458333333333333
29.838 5256.000000000001 0.7346938775510203
28.050120000000003 5544.000000000001 0.6326530612244898
29.838 5292.000000000001 0.6938775510204082
26.953080000000007 5412.000000000001 0.72
28.204080000000005 5328.000000000001 0.6938775510204082
32.85804 5388.000000000001 0.5625
31.070160000000005 5388.000000000001 0.6122448979591837
31.070160000000005 5208.000000000001 0.6666666666666667
28.050120000000003 5280.000000000001 0.7755102040816326
26.953080000000007 5448.000000000001 0.7
31.070160000000005 5136.000000000001 0.75
26.953080000000007 5376.000000000001 0.76
32.85804 5148.000000000001 0.7083333333333333
28.204080000000005 5400.000000000001 0.5918367346938775
28.204080000000005 5196.000000000001 0.7959183673469388
28.050120000000003 5424.000000000001 0.653061224489796
29.838 5244.000000000001 0.7551020408163265
28.050120000000003 5400.000000000001 0.6734693877551021
26.953080000000007 5472.000000000001 0.64
28.204080000000005 5352.000000000001 0.6326530612244898
32.85804 5316.000000000001 0.5833333333333333
28.204080000000005 5268.000000000001 0.7142857142857143
28.050120000000003 5304.000000000001 0.7346938775510203
28.050120000000003 5340.000000000001 0.6938775510204082
29.838 5328.000000000001 0.653061224489796
31.070160000000005 5196.000000000001 0.7083333333333333
28.050120000000003 5292.000000000001 0.7551020408163265
29.838 5304.000000000001 0.6734693877551021
