36.21444 5748.000000000001 0.607843137254902
28.204080000000005 5184.000000000001 0.7083333333333333
27.696960000000008 5904.000000000001 0.6730769230769231
26.953080000000007 5508.000000000001 0.7
28.050120000000003 5232.000000000001 0.6875
28.204080000000005 5172.000000000001 0.7291666666666667
27.333600000000004 6012.000000000001 0.6415094339622642
28.050120000000003 5136.000000000001 0.7916666666666666
28.050120000000003 5328.000000000001 0.625
27.838680000000004 5832.000000000001 0.6538461538461539
26.953080000000007 5376.000000000001 0.76
26.953080000000007 5352.000000000001 0.8200000000000001
28.050120000000003 5148.000000000001 0.7708333333333334
26.953080000000007 5604.000000000001 0.6799999999999999
26.953080000000007 5472.000000000001 0.72
28.050120000000003 5184.000000000001 0.7291666666666667
26.953080000000007 5436.000000000001 0.74
28.050120000000003 5256.000000000001 0.6666666666666667
27.333600000000004 5892.000000000001 0.679245283018868
28.204080000000005 5268.000000000001 0.6458333333333333
28.204080000000005 5232.000000000001 0.6666666666666667
35.982240000000004 5760.000000000001 0.5961538461538461
27.838680000000004 5712.000000000001 0.6730769230769231
28.204080000000005 5520.000000000001 0.6122448979591837
