26.953080000000007 5340.000000000001 0.8
32.85804 5472.000000000001 0.5306122448979591
31.070160000000005 5652.000000000001 0.5800000000000001
31.070160000000005 5256.000000000001 0.6458333333333333
32.85804 5388.000000000001 0.5625
31.070160000000005 5208.000000000001 0.6666666666666667
26.953080000000007 5376.000000000001 0.76
28.204080000000005 5400.000000000001 0.5918367346938775
28.204080000000005 5196.000000000001 0.7959183673469388
26.953080000000007 5472.000000000001 0.64
32.85804 5316.000000000001 0.5833333333333333
28.204080000000005 5268.000000000001 0.7142857142857143
28.050120000000003 5304.000000000001 0.7346938775510203
31.070160000000005 5196.000000000001 0.7083333333333333
31.070160000000005 5124.000000000001 0.7291666666666667
28.204080000000005 5292.000000000001 0.6734693877551021
29.838 5256.000000000001 0.7142857142857143
28.050120000000003 5484.000000000001 0.6122448979591837
26.953080000000007 5448.000000000001 0.6799999999999999
28.050120000000003 5328.000000000001 0.6938775510204082
29.838 5232.000000000001 0.7346938775510203
31.738200000000003 5172.000000000001 0.625
28.050120000000003 5244.000000000001 0.7959183673469388
38.98908 5088.000000000001 0.7708333333333334
29.838 5388.000000000001 0.6122448979591837
28.204080000000005 5316.000000000001 0.6326530612244898
28.050120000000003 5772.000000000001 0.607843137254902
28.050120000000003 5268.000000000001 0.7551020408163265
26.953080000000007 5400.000000000001 0.7
28.050120000000003 5352.000000000001 0.653061224489796
31.738200000000003 5184.000000000001 0.6170212765957447
29.838 5760.000000000001 0.5686274509803921
31.070160000000005 5292.000000000001 0.6041666666666667
31.738200000000003 5136.000000000001 0.6595744680851063
29.950320000000005 5232.000000000001 0.7234042553191489
32.85804 5208.000000000001 0.6041666666666667
29.950320000000005 5124.000000000001 0.7659574468085106
31.738200000000003 5100.000000000001 0.6808510638297872
