14.0 1920.0 0.5238095238095238
16.0 1780.0 0.6
16.0 1850.0 0.44999999999999996
16.0 1740.0 0.65
18.0 1930.0 0.4285714285714286
16.0 1800.0 0.55
14.0 1890.0 0.6190476190476191
14.0 1910.0 0.5714285714285714
14.3 2101.0 0.38095238095238093
16.0 1720.0 0.7
12.100000000000001 1980.0000000000002 0.5714285714285714
14.0 1870.0 0.6666666666666667
15.0 2060.0 0.4545454545454546
11.0 2013.0000000000002 0.6666666666666667
14.0 2000.0 0.5
11.0 2079.0 0.47619047619047616
16.0 1840.0 0.5238095238095238
12.100000000000001 2134.0 0.4285714285714286
11.0 2211.0 0.40909090909090906
11.0 2024.0000000000002 0.5238095238095238
16.0 1980.0 0.4285714285714286
