12.0 1980.0 0.5909090909090908
15.0 1970.0 0.5
14.3 2079.0 0.47619047619047616
11.0 2002.0000000000002 0.6666666666666667
14.0 1860.0 0.6666666666666667
14.0 1870.0 0.5714285714285714
11.0 2101.0 0.47619047619047616
14.0 1940.0 0.5238095238095238
12.0 2030.0 0.5
15.0 2140.0 0.4347826086956522
12.0 1920.0 0.6818181818181819
11.0 2013.0000000000002 0.5238095238095238
13.200000000000001 2200.0 0.4545454545454546
15.0 2100.0 0.4545454545454546
25.200000000000003 2712.0000000000005 0.41666666666666663
26.400000000000006 2724.0000000000005 0.375
11.0 2211.0 0.4545454545454546
12.0 1990.0 0.5454545454545454
12.0 1950.0 0.6363636363636364
