14.0 1870.0 0.5238095238095238
12.0 2070.0 0.5
14.0 1960.0 0.4285714285714286
18.0 1840.0 0.44999999999999996
18.0 1830.0 0.55
11.0 2244.0 0.4545454545454546
18.0 1760.0 0.7
11.0 2200.0 0.5
18.0 1800.0 0.6
12.0 1970.0 0.5454545454545454
14.0 1920.0 0.47619047619047616
11.0 2134.0 0.5454545454545454
11.0 2090.0 0.6363636363636364
18.0 1870.0 0.4
12.0 1960.0 0.5909090909090908
12.0 1920.0 0.7272727272727273
14.0 2050.0 0.40909090909090906
12.0 2150.0 0.4782608695652174
11.0 2376.0 0.3913043478260869
12.0 1930.0 0.6363636363636364
15.400000000000002 2079.0 0.4
