12.0 1960.0 0.6363636363636364
14.0 1940.0 0.5238095238095238
12.0 1950.0 0.6818181818181819
16.0 1800.0 0.6
11.0 2101.0 0.47619047619047616
16.0 1770.0 0.65
14.0 1960.0 0.47619047619047616
15.0 2060.0 0.4545454545454546
16.0 1890.0 0.47619047619047616
11.0 2002.0000000000002 0.6190476190476191
17.0 1860.0 0.5238095238095238
11.0 2079.0 0.5238095238095238
12.0 1990.0 0.5454545454545454
11.0 2167.0 0.4285714285714286
16.0 1860.0 0.5714285714285714
14.0 1890.0 0.5714285714285714
15.400000000000002 2057.0 0.4
15.400000000000002 2002.0000000000002 0.44999999999999996
12.0 2080.0 0.40909090909090906
14.3 2112.0 0.38095238095238093
12.0 1940.0 0.8636363636363636
12.0 2030.0 0.5
17.0 1960.0 0.4545454545454546
