12.0 1940.0 0.6363636363636364
13.0 1960.0 0.38095238095238093
18.0 1760.0 0.6
11.0 2013.0000000000002 0.7142857142857143
18.0 1940.0 0.35
14.0 1850.0 0.6190476190476191
14.0 1880.0 0.5714285714285714
11.0 2400.0 0.43999999999999995
18.0 1800.0 0.4
13.0 1910.0 0.4285714285714286
13.0 1890.0 0.5238095238095238
11.0 2310.0 0.45833333333333337
11.0 2112.0 0.47619047619047616
11.0 2090.0 0.5238095238095238
11.0 2024.0000000000002 0.5714285714285714
12.0 1950.0 0.5909090909090908
12.0 1990.0 0.5
12.0 2060.0 0.4545454545454546
11.0 2706.0 0.4
14.0 2160.0 0.34782608695652173
