13.0 2010.0 0.38095238095238093
18.0 1870.0 0.44999999999999996
12.0 1970.0 0.5909090909090908
11.0 2024.0000000000002 0.6666666666666667
18.0 1810.0 0.55
11.0 2057.0 0.47619047619047616
13.0 1890.0 0.5238095238095238
11.0 2156.0 0.4285714285714286
14.0 1920.0 0.4285714285714286
18.0 1850.0 0.5
12.0 1910.0 0.6363636363636364
13.0 1940.0 0.4285714285714286
18.0 1760.0 0.6
12.0 2010.0 0.5454545454545454
11.0 2035.0000000000002 0.5714285714285714
33.60000000000001 2700.0000000000005 0.375
12.0 2040.0 0.5
18.0 1890.0 0.4
12.0 2120.0 0.4545454545454546
13.0 1920.0 0.47619047619047616
14.0 1860.0 0.5714285714285714
13.0 1880.0 0.6666666666666667
