16.0 1870.0 0.44999999999999996
12.100000000000001 2057.0 0.47619047619047616
16.0 1860.0 0.55
16.0 1790.0 0.6
17.0 2280.0 0.33333333333333337
11.0 2079.0 0.4285714285714286
12.0 1930.0 0.6363636363636364
12.0 1980.0 0.5
16.0 1750.0 0.7
14.0 1840.0 0.6666666666666667
11.0 2057.0 0.5238095238095238
11.0 2002.0000000000002 0.6666666666666667
12.0 1970.0 0.5454545454545454
12.100000000000001 2112.0 0.38095238095238093
11.0 2013.0000000000002 0.5714285714285714
15.0 2020.0 0.4545454545454546
14.0 1930.0 0.47619047619047616
14.0 1850.0 0.5714285714285714
12.0 1910.0 0.6818181818181819
