23.384130000000003 4510.0 0.7272727272727273
25.475400000000004 4968.000000000001 0.6818181818181819
35.596210000000006 4693.000000000001 0.641025641025641
35.596210000000006 4667.000000000001 0.6666666666666667
23.384130000000003 4059.0000000000005 0.8536585365853658
25.349160000000005 3684.0000000000005 0.8285714285714285
29.838 4224.000000000001 0.6842105263157895
26.821320000000004 4176.000000000001 0.7105263157894737
24.252120000000005 4812.000000000001 0.6976744186046512
29.758920000000007 4656.000000000001 0.6904761904761905
25.349160000000005 3912.0000000000005 0.7222222222222222
23.384130000000003 4202.0 0.7857142857142857
23.384130000000003 4114.0 0.8292682926829268
25.349160000000005 3792.0000000000005 0.7714285714285715
35.596210000000006 4433.000000000001 0.6756756756756757
25.349160000000005 3816.0000000000005 0.7428571428571429
23.384130000000003 4290.0 0.7619047619047619
23.384130000000003 4323.0 0.7441860465116279
25.349160000000005 4368.000000000001 0.717948717948718
23.384130000000003 4246.0 0.7674418604651163
21.36904 3509.0000000000005 0.8888888888888888
22.976910000000004 3498.0000000000005 0.8611111111111112
