17.72606 1749.0000000000002 0.6111111111111112
17.521920000000005 1860.0000000000002 0.6352941176470589
17.90283 1474.0000000000002 0.66
17.521920000000005 1812.0000000000002 0.7058823529411766
17.521920000000005 1776.0000000000002 0.8470588235294119
17.90283 1573.0000000000002 0.61875
17.72606 1518.0000000000002 0.8250000000000001
17.72606 1551.0000000000002 0.6875
17.521920000000005 1800.0000000000002 0.7764705882352941
17.72606 1540.0000000000002 0.7562500000000001
17.72606 1727.0000000000002 0.6722222222222223
17.72606 1826.0000000000002 0.55
17.90283 1617.0000000000002 0.55
17.521920000000005 2076.0000000000005 0.6315789473684212
17.90283 1452.0000000000002 0.7333333333333335
17.90283 1408.0 0.8066666666666668
