17.521920000000005 1776.0000000000002 0.8470588235294119
17.521920000000005 1848.0000000000002 0.7058823529411766
17.90283 1386.0 0.8066666666666668
17.90283 1661.0000000000002 0.5823529411764706
17.90283 1430.0000000000002 0.66
17.72606 1595.0000000000002 0.61875
17.90283 1397.0 0.7333333333333335
17.72606 1551.0000000000002 0.6875
17.521920000000005 1764.0000000000002 0.9882352941176472
17.72606 1958.0000000000002 0.5210526315789474
17.90283 1474.0000000000002 0.5866666666666667
17.521920000000005 1824.0000000000002 0.7764705882352941
17.72606 1760.0000000000002 0.6111111111111112
17.72606 1507.0000000000002 0.7562500000000001
22.027829999999998 1617.0000000000002 0.55
17.72606 1848.0000000000002 0.55
17.90283 1694.0000000000002 0.5176470588235295
