13.836570000000002 1397.0 0.6428571428571428
13.644950000000003 1661.0000000000002 0.5
13.316930000000003 1419.0000000000002 0.5714285714285714
13.316930000000003 1386.0 0.7142857142857143
13.316930000000003 1375.0 0.9285714285714286
15.20024 1551.0000000000002 0.5333333333333333
13.836570000000002 1364.0 0.9285714285714286
13.316930000000003 1650.0000000000002 0.5625
19.876560000000005 2136.0000000000005 0.4444444444444444
13.316930000000003 1408.0 0.6428571428571428
13.836570000000002 1375.0 0.7857142857142857
13.316930000000003 1705.0000000000002 0.5
13.644950000000003 1639.0000000000002 0.5625
13.836570000000002 1408.0 0.5714285714285714
