28.086630000000003 6666.000000000001 0.6363636363636364
20.44614 6732.000000000001 0.7164179104477613
20.44614 6820.000000000001 0.7014925373134329
29.22469 6061.000000000001 0.7166666666666667
23.82985 6490.000000000001 0.6666666666666667
23.56662 6072.000000000001 0.819672131147541
21.935430000000004 6688.000000000001 0.640625
21.1453 6809.000000000001 0.6515151515151515
28.086630000000003 6292.000000000001 0.6612903225806452
27.03393 6347.000000000001 0.6451612903225806
25.12433 6072.000000000001 0.7377049180327868
20.45296 6391.000000000001 0.6875
23.56662 6127.000000000001 0.7377049180327868
21.82092 6237.000000000001 0.7258064516129032
21.24441 6666.000000000001 0.676923076923077
21.935430000000004 6215.000000000001 0.7142857142857143
20.44614 6578.000000000001 0.7230769230769231
25.12433 6281.000000000001 0.6885245901639344
23.56662 6105.000000000001 0.8032786885245902
20.45296 6314.000000000001 0.75
21.24441 6127.000000000001 0.7903225806451613
20.44614 6380.000000000001 0.8125
25.12433 6567.000000000001 0.65625
20.44614 6391.000000000001 0.7846153846153846
26.93207 6017.000000000001 0.7213114754098361
21.371239999999997 6534.000000000001 0.671875
21.371239999999997 6699.000000000001 0.6716417910447761
29.22469 5984.000000000001 0.7333333333333334
21.24441 6182.000000000001 0.7580645161290323
21.24441 6347.000000000001 0.6774193548387097
21.24441 6237.000000000001 0.7301587301587302
20.44614 6534.000000000001 0.7692307692307692
25.12433 6094.000000000001 0.7049180327868853
25.12433 6325.000000000001 0.6721311475409837
26.93207 6094.000000000001 0.6885245901639344
21.24441 6094.000000000001 0.8064516129032258
20.45296 6358.000000000001 0.734375
29.22469 6083.000000000001 0.6666666666666667
25.12433 5709.000000000001 0.7457627118644068
20.13737 5852.000000000001 0.85
21.34924 5819.000000000001 0.8305084745762712
