30.51917 5830.000000000001 0.6949152542372881
21.24441 6105.000000000001 0.7213114754098361
20.008890000000005 6127.000000000001 0.7903225806451613
20.008890000000005 6314.000000000001 0.6451612903225806
24.29306 5951.000000000001 0.7166666666666667
30.51917 5808.000000000001 0.7966101694915254
20.008890000000005 6182.000000000001 0.7580645161290323
20.008890000000005 6215.000000000001 0.7258064516129032
20.008890000000005 6248.000000000001 0.6935483870967742
26.564670000000007 6083.000000000001 0.6333333333333333
30.51917 5797.000000000001 0.847457627118644
22.356180000000005 5995.000000000001 0.7540983606557377
30.51917 5918.000000000001 0.6779661016949152
21.24441 6215.000000000001 0.7049180327868853
24.29306 6072.000000000001 0.7
30.51917 5973.000000000001 0.6610169491525424
21.82092 6259.000000000001 0.6885245901639344
24.29306 5852.000000000001 0.8
24.29306 6094.000000000001 0.6833333333333333
21.24441 5995.000000000001 0.7704918032786885
25.12433 5852.000000000001 0.7796610169491526
28.086630000000003 6545.000000000001 0.6153846153846154
25.12433 5896.000000000001 0.7333333333333334
24.29306 6182.000000000001 0.6666666666666667
25.12433 6171.000000000001 0.6721311475409837
