21.1453 6809.000000000001 0.6515151515151515
21.24441 6347.000000000001 0.6774193548387097
20.45296 6930.000000000001 0.6417910447761195
21.24441 6028.000000000001 0.7704918032786885
23.56662 6072.000000000001 0.7377049180327868
21.24441 6006.000000000001 0.8032786885245902
24.363899999999997 5742.000000000001 0.7966101694915254
24.363899999999997 5764.000000000001 0.7796610169491526
21.24441 6105.000000000001 0.6885245901639344
27.24568 6325.000000000001 0.6290322580645161
21.24441 6083.000000000001 0.7377049180327868
20.45296 6105.000000000001 0.8225806451612903
20.008890000000005 6347.000000000001 0.6984126984126984
21.001970000000004 6457.000000000001 0.671875
20.008890000000005 6468.000000000001 0.6825396825396826
24.363899999999997 5984.000000000001 0.6440677966101696
21.371239999999997 6413.000000000001 0.671875
20.212390000000003 6380.000000000001 0.6825396825396826
21.366950000000003 6292.000000000001 0.6774193548387097
24.363899999999997 5885.000000000001 0.711864406779661
24.363899999999997 6171.000000000001 0.639344262295082
20.45296 6138.000000000001 0.7903225806451613
20.69969 6380.000000000001 0.6774193548387097
20.008890000000005 7150.000000000001 0.6811594202898551
21.366950000000003 6050.000000000001 0.7540983606557377
24.363899999999997 5841.000000000001 0.728813559322034
20.44614 6512.000000000001 0.671875
20.69969 6270.000000000001 0.6935483870967742
20.008890000000005 6226.000000000001 0.7096774193548387
20.212390000000003 6314.000000000001 0.6935483870967742
21.371239999999997 6457.000000000001 0.609375
20.008890000000005 6160.000000000001 0.7580645161290323
20.212390000000003 6204.000000000001 0.7419354838709677
20.45296 6182.000000000001 0.7301587301587302
25.12433 5709.000000000001 0.7457627118644068
20.13737 5852.000000000001 0.85
21.34924 5819.000000000001 0.8305084745762712
