15.400000000000002 5445.0 0.5384615384615384
16.5 5214.0 0.45999999999999996
15.400000000000002 4983.0 0.653061224489796
15.400000000000002 5247.0 0.54
15.400000000000002 5060.0 0.6122448979591837
22.0 5049.0 0.47916666666666663
15.400000000000002 5137.0 0.5714285714285714
15.400000000000002 5181.0 0.56
15.400000000000002 5027.0 0.6326530612244898
15.400000000000002 5093.0 0.5918367346938775
16.0 3050.0 0.48484848484848486
16.0 2930.0 0.6666666666666667
17.0 3030.0 0.48484848484848486
17.0 2810.0 0.7666666666666666
15.0 3570.0 0.7567567567567568
