18.595610000000004 4587.0 0.7173913043478262
19.276400000000002 5082.0 0.6458333333333333
18.595610000000004 4477.0 0.8478260869565217
24.28822 4279.0 0.8409090909090909
24.28822 4565.0 0.6363636363636364
24.28822 4323.0 0.7727272727272727
21.391150000000003 4477.0 0.7333333333333334
20.674609999999998 4917.0 0.6666666666666667
18.595610000000004 4609.0 0.6739130434782609
18.595610000000004 4532.0 0.782608695652174
20.45296 4939.0 0.6666666666666667
18.595610000000004 4521.0 0.8260869565217391
21.391150000000003 4433.0 0.7555555555555555
20.45296 4983.0 0.653061224489796
24.28822 4356.0 0.7045454545454546
21.391150000000003 4499.0 0.7111111111111111
24.28822 4466.0 0.6818181818181819
18.595610000000004 4543.0 0.7391304347826086
20.45296 4488.0 0.782608695652174
21.391150000000003 4554.0 0.6666666666666667
