21.8427 5071.0 0.653061224489796
18.595610000000004 4697.0 0.6739130434782609
23.50601 4840.0 0.6458333333333333
24.28822 4455.0 0.7333333333333334
24.28822 4444.0 0.8222222222222222
24.28822 4576.0 0.6666666666666667
24.28822 4598.0 0.6444444444444444
18.595610000000004 4543.0 0.782608695652174
18.595610000000004 4576.0 0.7608695652173914
24.28822 4521.0 0.7111111111111111
18.595610000000004 4598.0 0.7391304347826086
23.50601 4829.0 0.6595744680851063
19.276400000000002 4950.0 0.6666666666666667
20.45296 4587.0 0.7173913043478262
23.50601 4686.0 0.6739130434782609
18.595610000000004 4686.0 0.6956521739130435
20.45296 4653.0 0.6956521739130435
24.28822 4543.0 0.6888888888888889
20.45296 4510.0 0.7608695652173914
18.595610000000004 4642.0 0.7173913043478262
20.45296 4873.0 0.6666666666666667
18.595610000000004 4488.0 0.8913043478260869
18.595610000000004 4499.0 0.8043478260869565
24.28822 4433.0 0.8888888888888888
