18.595610000000004 4587.0 0.7173913043478262
19.276400000000002 5082.0 0.6458333333333333
24.28822 4279.0 0.8409090909090909
24.28822 4565.0 0.6363636363636364
24.28822 4323.0 0.7727272727272727
21.391150000000003 4477.0 0.7333333333333334
18.595610000000004 4609.0 0.6739130434782609
21.391150000000003 4433.0 0.7555555555555555
24.28822 4356.0 0.7045454545454546
18.595610000000004 4543.0 0.7391304347826086
24.28822 4433.0 0.6818181818181819
21.391150000000003 4576.0 0.6521739130434783
21.391150000000003 4411.0 0.7777777777777778
24.28822 4455.0 0.6590909090909092
19.276400000000002 4917.0 0.6666666666666667
21.391150000000003 4488.0 0.6666666666666667
21.391150000000003 4400.0 0.8666666666666667
18.595610000000004 4444.0 0.782608695652174
24.28822 4345.0 0.75
20.45296 4884.0 0.6458333333333333
21.391150000000003 4598.0 0.6444444444444444
24.28822 4290.0 0.8181818181818181
18.595610000000004 4499.0 0.7608695652173914
20.45296 4873.0 0.6595744680851063
