19.8 4730.0 0.4222222222222223
18.700000000000003 4356.0 0.4390243902439024
27.600000000000005 3804.0000000000005 0.4242424242424242
15.400000000000002 4290.0 0.4878048780487805
18.700000000000003 3355.0000000000005 0.5806451612903225
18.700000000000003 3278.0000000000005 0.6129032258064516
15.400000000000002 4015.0000000000005 0.5405405405405406
18.700000000000003 3245.0000000000005 0.6451612903225806
23.1 2882.0000000000005 0.5357142857142857
20.0 2960.0 0.6129032258064516
22.0 4576.0 0.4285714285714286
26.400000000000006 4272.000000000001 0.45945945945945943
15.400000000000002 3641.0000000000005 0.6285714285714286
20.0 2900.0 0.7096774193548387
15.400000000000002 3718.0000000000005 0.5428571428571429
23.1 2827.0000000000005 0.6785714285714286
17.0 3440.0 0.6944444444444444
17.0 3490.0 0.6388888888888888
17.0 3380.0 0.7142857142857143
16.5 4169.0 0.5384615384615384
20.0 2970.0 0.5483870967741935
18.700000000000003 3421.0000000000005 0.4838709677419355
17.0 3280.0 0.8
23.1 2871.0000000000005 0.6071428571428572
15.0 3580.0 0.7027027027027026
17.6 4059.0000000000005 0.4864864864864865
20.0 2910.0 0.6451612903225806
23.1 2816.0 0.7857142857142857
18.700000000000003 3190.0000000000005 0.7096774193548387
20.0 3160.0 0.46875
