27.600000000000005 3828.0000000000005 0.4545454545454546
23.1 2970.0000000000005 0.6206896551724138
15.400000000000002 3828.0000000000005 0.5428571428571429
17.0 3260.0 0.8
15.400000000000002 3696.0000000000005 0.6285714285714286
19.8 4730.0 0.4772727272727273
18.700000000000003 3278.0000000000005 0.6129032258064516
20.0 3550.0 0.4864864864864865
15.400000000000002 3718.0000000000005 0.6
19.8 3949.0000000000005 0.5405405405405406
17.6 3773.0000000000005 0.5714285714285714
17.0 3370.0 0.6
37.2 4596.000000000001 0.44999999999999996
22.0 4598.0 0.4545454545454546
15.400000000000002 3630.0000000000005 0.7142857142857143
20.0 3620.0 0.45945945945945943
15.400000000000002 3795.0000000000005 0.5714285714285714
18.700000000000003 3201.0000000000005 0.8064516129032258
18.700000000000003 3245.0000000000005 0.6451612903225806
17.0 3320.0 0.7142857142857143
18.700000000000003 3355.0000000000005 0.5483870967741935
15.400000000000002 3652.0000000000005 0.6571428571428571
15.400000000000002 4268.0 0.4871794871794872
18.700000000000003 3223.0000000000005 0.6774193548387097
15.400000000000002 4213.0 0.5384615384615384
20.0 3020.0 0.5161290322580645
25.3 3476.0000000000005 0.48484848484848486
15.400000000000002 3608.0000000000005 0.7714285714285715
17.6 4059.0000000000005 0.4864864864864865
20.0 2910.0 0.6451612903225806
23.1 2849.0000000000005 0.7142857142857143
