25.3 3575.0000000000005 0.4242424242424242
23.1 2816.0 0.7857142857142857
25.200000000000003 4044.0000000000005 0.4571428571428572
23.1 2904.0000000000005 0.5714285714285714
15.400000000000002 3685.0000000000005 0.6285714285714286
18.700000000000003 3619.0000000000005 0.5588235294117647
23.1 2882.0000000000005 0.6071428571428572
15.400000000000002 3773.0000000000005 0.5428571428571429
22.0 3619.0000000000005 0.5294117647058824
23.1 2970.0000000000005 0.5357142857142857
18.700000000000003 3333.0000000000005 0.6129032258064516
26.400000000000006 3324.0000000000005 0.5172413793103448
18.700000000000003 3465.0000000000005 0.6060606060606061
15.400000000000002 3652.0000000000005 0.6857142857142857
23.1 3333.0000000000005 0.5161290322580645
15.400000000000002 3751.0000000000005 0.6
20.0 3730.0 0.5
20.0 3700.0 0.5263157894736843
15.400000000000002 4180.0 0.5128205128205128
18.700000000000003 3542.0000000000005 0.5757575757575757
20.0 2970.0 0.6129032258064516
22.0 3542.0000000000005 0.5454545454545454
20.0 2980.0 0.5483870967741935
25.200000000000003 3804.0000000000005 0.48484848484848486
16.0 2820.0 0.6206896551724138
22.0 3938.0000000000005 0.4722222222222222
25.3 3476.0000000000005 0.48484848484848486
15.400000000000002 3608.0000000000005 0.7714285714285715
17.6 4059.0000000000005 0.4864864864864865
