15.400000000000002 3652.0000000000005 0.6857142857142857
23.1 2849.0000000000005 0.7142857142857143
20.0 2910.0 0.6451612903225806
15.400000000000002 3630.0000000000005 0.7428571428571429
23.1 3069.0000000000005 0.5172413793103448
18.700000000000003 3421.0000000000005 0.6060606060606061
15.400000000000002 3850.0000000000005 0.5675675675675675
23.1 2860.0000000000005 0.6071428571428572
18.700000000000003 3729.0000000000005 0.5714285714285714
23.1 2882.0000000000005 0.5714285714285714
18.700000000000003 3212.0000000000005 0.8387096774193549
18.700000000000003 3300.0000000000005 0.6129032258064516
15.400000000000002 3740.0000000000005 0.6
20.0 2900.0 0.7419354838709677
16.5 4499.0 0.5
19.8 4510.0 0.45238095238095233
24.200000000000003 3278.0000000000005 0.4516129032258065
23.1 2981.0000000000005 0.5357142857142857
15.400000000000002 4411.0 0.5121951219512195
18.700000000000003 3223.0000000000005 0.6774193548387097
20.0 2940.0 0.6129032258064516
22.0 4081.0000000000005 0.4473684210526315
15.400000000000002 3718.0000000000005 0.6285714285714286
15.400000000000002 3762.0000000000005 0.5714285714285714
23.1 2827.0000000000005 0.7857142857142857
20.0 2950.0 0.5483870967741935
15.400000000000002 4180.0 0.5384615384615384
15.400000000000002 3707.0000000000005 0.6571428571428571
22.0 3938.0000000000005 0.4722222222222222
15.400000000000002 3608.0000000000005 0.7714285714285715
17.6 4059.0000000000005 0.4864864864864865
