37.2 5652.000000000001 0.44897959183673475
15.400000000000002 4048.0000000000005 0.5263157894736843
20.0 3120.0 0.5625
19.8 3762.0000000000005 0.5142857142857142
20.0 2900.0 0.6129032258064516
18.700000000000003 3234.0000000000005 0.6129032258064516
18.700000000000003 3278.0000000000005 0.5483870967741935
20.0 4000.0 0.45238095238095233
15.400000000000002 3762.0000000000005 0.5714285714285714
15.0 3460.0 0.6111111111111112
17.0 3420.0 0.6388888888888888
23.1 2937.0000000000005 0.5714285714285714
17.0 3350.0 0.6857142857142857
23.1 2948.0000000000005 0.5
17.0 3380.0 0.6571428571428571
27.600000000000005 3864.0000000000005 0.4545454545454546
23.1 2827.0000000000005 0.6071428571428572
20.0 3050.0 0.5806451612903225
15.400000000000002 4015.0000000000005 0.5405405405405406
18.700000000000003 3993.0000000000005 0.5405405405405406
17.0 3260.0 0.7142857142857143
17.6 4059.0000000000005 0.4864864864864865
23.1 2816.0 0.7857142857142857
18.700000000000003 3190.0000000000005 0.7096774193548387
20.0 3160.0 0.46875
