33.60000000000001 5076.000000000001 0.43181818181818177
26.400000000000006 5088.000000000001 0.41860465116279066
22.0 4444.0 0.45238095238095233
27.600000000000005 3624.0000000000005 0.46875
25.3 3476.0000000000005 0.48484848484848486
15.400000000000002 3608.0000000000005 0.7714285714285715
23.1 3201.0000000000005 0.5333333333333333
22.0 3938.0000000000005 0.4722222222222222
22.0 3421.0000000000005 0.53125
17.6 3729.0000000000005 0.5714285714285714
15.400000000000002 3938.0000000000005 0.5675675675675675
20.0 2940.0 0.5806451612903225
18.700000000000003 3443.0000000000005 0.5161290322580645
15.400000000000002 4389.0 0.5121951219512195
15.400000000000002 4433.0 0.47619047619047616
17.6 3839.0000000000005 0.5428571428571429
25.3 3278.0000000000005 0.5161290322580645
18.700000000000003 3344.0000000000005 0.5806451612903225
35.10000000000001 4771.000000000001 0.42105263157894735
23.1 2904.0000000000005 0.6071428571428572
24.000000000000004 4200.000000000001 0.4444444444444444
20.0 2920.0 0.6129032258064516
22.0 3740.0000000000005 0.48571428571428577
15.400000000000002 3751.0000000000005 0.6
23.1 3410.0000000000005 0.53125
23.1 2948.0000000000005 0.5357142857142857
25.200000000000003 3684.0000000000005 0.4516129032258065
17.6 3872.0000000000005 0.48571428571428577
24.200000000000003 3091.0000000000005 0.5333333333333333
23.1 2838.0000000000005 0.6428571428571428
20.0 2970.0 0.5483870967741935
18.700000000000003 3278.0000000000005 0.6129032258064516
22.0 3520.0000000000005 0.5151515151515151
15.400000000000002 3652.0000000000005 0.6571428571428571
15.400000000000002 3773.0000000000005 0.5714285714285714
20.0 4060.0 0.4651162790697675
15.400000000000002 3674.0000000000005 0.6285714285714286
20.0 2880.0 0.6774193548387097
25.3 3377.0000000000005 0.5151515151515151
20.0 3430.0 0.5277777777777778
15.400000000000002 4103.0 0.5384615384615384
18.700000000000003 3234.0000000000005 0.6451612903225806
18.700000000000003 3212.0000000000005 0.7741935483870968
15.400000000000002 3630.0000000000005 0.7428571428571429
23.1 2915.0000000000005 0.5714285714285714
