27.600000000000005 3780.0000000000005 0.4545454545454546
24.000000000000004 4764.000000000001 0.46341463414634143
20.0 3160.0 0.46875
16.5 4422.0 0.5476190476190477
16.800000000000004 3960.0000000000005 0.5882352941176471
15.400000000000002 4081.0000000000005 0.5526315789473684
18.700000000000003 3476.0000000000005 0.6060606060606061
18.700000000000003 3564.0000000000005 0.5757575757575757
15.400000000000002 3663.0000000000005 0.6571428571428571
19.8 4499.0 0.47619047619047616
15.400000000000002 4004.0000000000005 0.5675675675675675
18.700000000000003 3971.0000000000005 0.5
20.0 2930.0 0.5806451612903225
23.1 2849.0000000000005 0.6428571428571428
17.6 3982.0000000000005 0.5675675675675675
15.400000000000002 3894.0000000000005 0.5945945945945945
20.0 3010.0 0.5161290322580645
18.700000000000003 3311.0000000000005 0.6129032258064516
15.400000000000002 3652.0000000000005 0.7142857142857143
19.8 3850.0000000000005 0.5555555555555556
17.0 2910.0 0.6333333333333333
23.1 2915.0000000000005 0.6071428571428572
23.1 2926.0000000000005 0.5714285714285714
16.0 2580.0 0.6666666666666667
20.0 2910.0 0.6129032258064516
15.400000000000002 3718.0000000000005 0.6
28.600000000000005 4823.000000000001 0.4473684210526315
18.700000000000003 3949.0000000000005 0.5135135135135135
16.0 2530.0 0.7777777777777778
15.400000000000002 3608.0000000000005 0.7714285714285715
17.6 4059.0000000000005 0.4864864864864865
