15.400000000000002 4125.0 0.5641025641025641
16.5 4169.0 0.5384615384615384
18.700000000000003 3531.0000000000005 0.5757575757575757
15.400000000000002 3718.0000000000005 0.6285714285714286
15.400000000000002 4455.0 0.5609756097560976
18.700000000000003 3179.0000000000005 0.6774193548387097
15.400000000000002 3663.0000000000005 0.7428571428571429
16.5 4070.0000000000005 0.5641025641025641
15.400000000000002 3762.0000000000005 0.5714285714285714
15.400000000000002 4466.0 0.5365853658536586
18.700000000000003 4521.0 0.4285714285714286
20.0 3030.0 0.6129032258064516
18.700000000000003 3344.0000000000005 0.5806451612903225
23.1 3069.0000000000005 0.5862068965517242
18.700000000000003 3597.0000000000005 0.5151515151515151
18.700000000000003 3300.0000000000005 0.6451612903225806
15.400000000000002 3696.0000000000005 0.6857142857142857
15.400000000000002 3927.0000000000005 0.5675675675675675
17.0 3350.0 0.7428571428571429
18.700000000000003 3311.0000000000005 0.6129032258064516
17.6 3729.0000000000005 0.6
15.400000000000002 3608.0000000000005 0.7714285714285715
17.6 4059.0000000000005 0.4864864864864865
20.0 2910.0 0.6451612903225806
23.1 2816.0 0.7857142857142857
20.0 3160.0 0.46875
