26.400000000000006 4632.000000000001 0.42500000000000004
19.8 3806.0000000000005 0.5405405405405406
18.700000000000003 3267.0000000000005 0.6129032258064516
23.1 3003.0000000000005 0.5862068965517242
20.0 3060.0 0.59375
20.0 3090.0 0.5625
22.0 4279.0 0.44999999999999996
15.400000000000002 3971.0000000000005 0.5405405405405406
19.8 4202.0 0.46153846153846156
23.1 3102.0000000000005 0.5172413793103448
15.400000000000002 3839.0000000000005 0.5428571428571429
18.700000000000003 3718.0000000000005 0.5428571428571429
15.400000000000002 3729.0000000000005 0.5714285714285714
27.600000000000005 3720.0000000000005 0.4545454545454546
18.700000000000003 3531.0000000000005 0.5757575757575757
23.1 2882.0000000000005 0.6071428571428572
15.400000000000002 3674.0000000000005 0.6571428571428571
23.1 2860.0000000000005 0.6785714285714286
15.400000000000002 3663.0000000000005 0.7428571428571429
17.0 3270.0 0.8285714285714285
17.0 3330.0 0.7428571428571429
15.400000000000002 3608.0000000000005 0.7714285714285715
17.6 4059.0000000000005 0.4864864864864865
20.0 2910.0 0.6451612903225806
23.1 2816.0 0.7857142857142857
18.700000000000003 3190.0000000000005 0.7096774193548387
20.0 3160.0 0.46875
15.400000000000002 4290.0 0.4878048780487805
