17.6 4059.0000000000005 0.4864864864864865
22.0 3740.0000000000005 0.5
20.0 3380.0 0.5294117647058824
18.700000000000003 3575.0000000000005 0.5454545454545454
20.0 2980.0 0.5806451612903225
18.700000000000003 3333.0000000000005 0.5483870967741935
18.700000000000003 3311.0000000000005 0.5806451612903225
20.0 2970.0 0.6129032258064516
23.1 2959.0000000000005 0.5357142857142857
15.400000000000002 3740.0000000000005 0.5714285714285714
23.1 3344.0000000000005 0.5161290322580645
15.400000000000002 3784.0000000000005 0.5428571428571429
20.0 3580.0 0.5263157894736843
18.700000000000003 3245.0000000000005 0.6774193548387097
20.0 3630.0 0.5135135135135135
23.1 2860.0000000000005 0.75
18.700000000000003 3256.0000000000005 0.6451612903225806
18.700000000000003 3289.0000000000005 0.6129032258064516
25.200000000000003 3564.0000000000005 0.4838709677419355
15.400000000000002 3663.0000000000005 0.7142857142857143
23.1 2827.0000000000005 0.7857142857142857
20.0 2890.0 0.6451612903225806
27.600000000000005 4272.000000000001 0.45945945945945943
18.700000000000003 3212.0000000000005 0.7096774193548387
23.1 2893.0000000000005 0.6071428571428572
23.1 3322.0000000000005 0.53125
24.200000000000003 3091.0000000000005 0.5
15.400000000000002 3674.0000000000005 0.6
19.8 3773.0000000000005 0.48571428571428577
23.1 2871.0000000000005 0.6428571428571428
23.1 2904.0000000000005 0.5714285714285714
17.6 3630.0000000000005 0.7142857142857143
22.0 3938.0000000000005 0.4722222222222222
25.3 3476.0000000000005 0.48484848484848486
15.400000000000002 3608.0000000000005 0.7714285714285715
