25.3 6710.000000000001 0.515625
19.8 5907.000000000001 0.7068965517241379
16.5 6864.000000000001 0.5625
17.6 6380.000000000001 0.5333333333333333
18.700000000000003 6160.000000000001 0.5423728813559322
36.300000000000004 6061.000000000001 0.5172413793103448
17.6 6347.000000000001 0.55
19.8 5929.000000000001 0.6206896551724138
19.8 5995.000000000001 0.603448275862069
19.8 6072.000000000001 0.5172413793103448
21.0 5600.0 0.5932203389830508
17.6 6039.000000000001 0.6440677966101696
17.6 6215.000000000001 0.5593220338983051
21.0 5560.0 0.6101694915254237
21.0 5980.0 0.564516129032258
21.0 5520.0 0.6440677966101696
19.8 6017.000000000001 0.5862068965517242
16.5 6435.000000000001 0.5901639344262295
18.700000000000003 5929.000000000001 0.6896551724137931
16.5 6303.000000000001 0.6721311475409837
16.5 6710.000000000001 0.5873015873015873
17.6 6182.000000000001 0.6101694915254237
17.6 6204.000000000001 0.576271186440678
16.5 6369.000000000001 0.6229508196721312
19.8 5918.000000000001 0.6724137931034483
17.6 6083.000000000001 0.6271186440677966
18.700000000000003 6072.000000000001 0.5689655172413793
21.0 5470.0 0.6610169491525424
20.0 5570.0 0.6949152542372881
18.700000000000003 5951.000000000001 0.6206896551724138
16.5 6325.000000000001 0.6557377049180328
20.0 5610.0 0.6440677966101696
23.0 5550.0 0.6101694915254237
16.5 6336.000000000001 0.639344262295082
20.0 5580.0 0.6610169491525424
20.0 5480.0 0.728813559322034
