26.400000000000002 6182.000000000001 0.5254237288135593
18.700000000000003 6116.000000000001 0.576271186440678
20.900000000000002 6226.000000000001 0.5423728813559322
24.200000000000003 6270.000000000001 0.5333333333333333
25.3 6160.000000000001 0.5423728813559322
19.8 6314.000000000001 0.5333333333333333
26.400000000000002 6116.000000000001 0.5593220338983051
19.8 6171.000000000001 0.5593220338983051
25.3 6094.000000000001 0.576271186440678
36.300000000000004 5984.000000000001 0.5
18.700000000000003 6347.000000000001 0.5573770491803278
17.6 6237.000000000001 0.5593220338983051
33.0 6050.000000000001 0.5932203389830508
27.0 5450.0 0.6949152542372881
19.8 5984.000000000001 0.603448275862069
25.3 6138.000000000001 0.5593220338983051
19.8 5973.000000000001 0.6379310344827587
23.0 5720.0 0.5967741935483871
19.8 5962.000000000001 0.6896551724137931
23.1 6072.000000000001 0.5862068965517242
18.700000000000003 6358.000000000001 0.4918032786885246
18.700000000000003 6105.000000000001 0.6101694915254237
21.0 5650.0 0.6166666666666667
21.0 5700.0 0.6101694915254237
20.0 5830.0 0.6333333333333333
23.1 6105.000000000001 0.576271186440678
27.0 5600.0 0.6440677966101696
20.0 5570.0 0.6610169491525424
21.0 5640.0 0.6271186440677966
17.6 6215.000000000001 0.6271186440677966
21.0 5520.0 0.711864406779661
16.5 6226.000000000001 0.6333333333333333
23.0 5480.0 0.7333333333333334
14.3 6292.000000000001 0.6833333333333333
15.400000000000002 6270.000000000001 0.6666666666666667
17.6 5995.000000000001 0.6379310344827587
18.700000000000003 5874.000000000001 0.7241379310344828
