24.000000000000004 7464.000000000001 0.5
26.400000000000002 6567.000000000001 0.5161290322580645
17.6 6424.000000000001 0.5573770491803278
17.6 6149.000000000001 0.6271186440677966
18.700000000000003 6083.000000000001 0.6206896551724138
18.700000000000003 6116.000000000001 0.5517241379310345
17.6 6083.000000000001 0.6440677966101696
21.0 5670.0 0.6333333333333333
17.6 6314.000000000001 0.5833333333333333
19.8 6017.000000000001 0.603448275862069
19.8 6215.000000000001 0.5254237288135593
18.700000000000003 6105.000000000001 0.603448275862069
28.6 6985.000000000001 0.5151515151515151
23.0 5640.0 0.6
20.900000000000002 5995.000000000001 0.603448275862069
19.8 6050.000000000001 0.5862068965517242
16.5 6809.000000000001 0.5846153846153845
17.6 5995.000000000001 0.7627118644067796
21.0 5600.0 0.65
21.0 5720.0 0.6
18.700000000000003 5984.000000000001 0.6379310344827587
19.8 5951.000000000001 0.6724137931034483
17.6 6655.000000000001 0.5555555555555556
16.5 6545.000000000001 0.6129032258064516
23.0 5680.0 0.5166666666666666
21.0 5560.0 0.6833333333333333
20.0 5660.0 0.7333333333333334
20.0 5890.0 0.7258064516129032
19.8 6094.000000000001 0.576271186440678
17.6 6226.000000000001 0.5932203389830508
16.5 6534.000000000001 0.6290322580645161
21.0 5680.0 0.6166666666666667
33.0 6831.000000000001 0.5
21.0 5520.0 0.711864406779661
17.6 6028.000000000001 0.711864406779661
19.8 5874.000000000001 0.7413793103448276
18.700000000000003 5907.000000000001 0.7241379310344828
16.5 6226.000000000001 0.6333333333333333
