33.0 6204.000000000001 0.5
36.300000000000004 6182.000000000001 0.5166666666666666
24.200000000000003 6226.000000000001 0.5254237288135593
19.8 6017.000000000001 0.5689655172413793
34.1 5907.000000000001 0.6206896551724138
17.6 6314.000000000001 0.4833333333333333
17.6 6171.000000000001 0.576271186440678
17.6 6061.000000000001 0.6101694915254237
19.8 5852.000000000001 0.7413793103448276
17.6 6017.000000000001 0.711864406779661
19.8 5929.000000000001 0.6206896551724138
18.700000000000003 5973.000000000001 0.5862068965517242
17.6 6182.000000000001 0.5593220338983051
18.700000000000003 6182.000000000001 0.5344827586206897
17.6 6116.000000000001 0.5932203389830508
18.700000000000003 5907.000000000001 0.7068965517241379
26.400000000000002 6094.000000000001 0.5517241379310345
20.900000000000002 6127.000000000001 0.5423728813559322
18.700000000000003 5929.000000000001 0.6551724137931034
24.200000000000003 6083.000000000001 0.5593220338983051
17.6 6039.000000000001 0.6779661016949152
17.6 6292.000000000001 0.5423728813559322
20.0 5790.0 0.7377049180327868
16.5 6292.000000000001 0.6610169491525424
18.700000000000003 6127.000000000001 0.5689655172413793
21.0 5680.0 0.6833333333333333
20.0 5860.0 0.6557377049180328
37.400000000000006 5962.000000000001 0.603448275862069
21.0 5750.0 0.6666666666666667
20.0 5880.0 0.6451612903225806
21.0 5760.0 0.6333333333333333
21.0 5520.0 0.711864406779661
