19.8 6985.000000000001 0.5
21.0 5720.0 0.6229508196721312
37.400000000000006 5951.000000000001 0.5689655172413793
33.0 6050.000000000001 0.5689655172413793
21.0 5790.0 0.5901639344262295
18.700000000000003 6479.000000000001 0.5245901639344263
17.6 6281.000000000001 0.55
19.8 6413.000000000001 0.5166666666666666
19.8 6105.000000000001 0.5517241379310345
19.8 6127.000000000001 0.5172413793103448
17.6 6105.000000000001 0.576271186440678
19.8 5951.000000000001 0.6379310344827587
21.0 5830.0 0.5737704918032787
17.6 6028.000000000001 0.6271186440677966
19.8 5896.000000000001 0.6551724137931034
18.700000000000003 5984.000000000001 0.5862068965517242
20.0 5710.0 0.6333333333333333
20.900000000000002 7018.000000000001 0.48484848484848486
20.0 5800.0 0.5833333333333333
21.0 5650.0 0.6666666666666667
20.0 5630.0 0.6833333333333333
31.900000000000002 6402.000000000001 0.4918032786885246
21.0 5570.0 0.6949152542372881
23.1 6435.000000000001 0.5081967213114754
21.0 5660.0 0.6440677966101696
21.0 5590.0 0.6779661016949152
23.0 5680.0 0.6166666666666667
23.0 5570.0 0.6440677966101696
23.0 5700.0 0.6
20.0 5730.0 0.6166666666666667
18.700000000000003 5951.000000000001 0.6551724137931034
16.5 6534.000000000001 0.7142857142857143
21.0 5520.0 0.711864406779661
