24.200000000000003 6380.000000000001 0.5245901639344263
18.700000000000003 5896.000000000001 0.6896551724137931
19.8 6292.000000000001 0.5573770491803278
17.6 6182.000000000001 0.576271186440678
18.700000000000003 6072.000000000001 0.5862068965517242
18.700000000000003 6127.000000000001 0.5689655172413793
16.5 6380.000000000001 0.5737704918032787
18.700000000000003 5907.000000000001 0.6724137931034483
17.6 6094.000000000001 0.5932203389830508
20.0 5810.0 0.564516129032258
19.8 6028.000000000001 0.5593220338983051
16.5 6083.000000000001 0.6666666666666667
18.700000000000003 5940.000000000001 0.6379310344827587
17.6 6193.000000000001 0.5593220338983051
17.6 6380.000000000001 0.540983606557377
24.200000000000003 7062.000000000001 0.5223880597014925
16.5 6655.000000000001 0.5483870967741935
15.400000000000002 6556.000000000001 0.5806451612903225
19.0 5800.0 0.6451612903225806
21.0 5650.0 0.6666666666666667
17.6 6710.000000000001 0.5238095238095238
20.0 5670.0 0.6666666666666667
15.400000000000002 6457.000000000001 0.5967741935483871
28.6 6985.000000000001 0.5074626865671642
21.0 5740.0 0.55
25.3 6996.000000000001 0.523076923076923
16.5 6182.000000000001 0.6166666666666667
22.0 6226.000000000001 0.5333333333333333
18.700000000000003 5962.000000000001 0.6206896551724138
20.0 5770.0 0.6333333333333333
19.0 5850.0 0.5806451612903225
22.0 6413.000000000001 0.532258064516129
21.0 5660.0 0.6333333333333333
19.0 5820.0 0.6290322580645161
28.6 6545.000000000001 0.5238095238095238
15.400000000000002 6798.000000000001 0.578125
18.700000000000003 6028.000000000001 0.5932203389830508
21.0 5680.0 0.6166666666666667
19.0 5690.0 0.6612903225806452
21.0 5520.0 0.711864406779661
23.0 5480.0 0.7333333333333334
20.0 5660.0 0.7166666666666667
14.3 6292.000000000001 0.6833333333333333
15.400000000000002 6270.000000000001 0.6666666666666667
17.6 5995.000000000001 0.6379310344827587
18.700000000000003 5874.000000000001 0.7241379310344828
