18.700000000000003 5874.000000000001 0.7241379310344828
34.1 7051.000000000001 0.5074626865671642
24.200000000000003 6908.000000000001 0.5151515151515151
26.400000000000002 6380.000000000001 0.5166666666666666
18.700000000000003 6611.000000000001 0.5245901639344263
18.700000000000003 6149.000000000001 0.5517241379310345
17.6 6347.000000000001 0.5333333333333333
19.8 5874.000000000001 0.6896551724137931
17.6 6160.000000000001 0.576271186440678
17.6 5940.000000000001 0.6551724137931034
20.900000000000002 6138.000000000001 0.5593220338983051
17.6 5995.000000000001 0.6206896551724138
25.3 6094.000000000001 0.5593220338983051
18.700000000000003 5951.000000000001 0.603448275862069
19.8 6479.000000000001 0.5245901639344263
25.3 6237.000000000001 0.5254237288135593
25.3 6446.000000000001 0.5161290322580645
23.0 5620.0 0.6166666666666667
17.6 6226.000000000001 0.5423728813559322
17.6 6083.000000000001 0.5932203389830508
21.0 5660.0 0.6166666666666667
17.6 6017.000000000001 0.603448275862069
25.3 6116.000000000001 0.5344827586206897
18.700000000000003 5885.000000000001 0.6896551724137931
17.6 5896.000000000001 0.7413793103448276
21.0 6000.0 0.5806451612903225
20.0 5590.0 0.65
21.0 5520.0 0.6833333333333333
24.200000000000003 6204.000000000001 0.5423728813559322
18.700000000000003 6006.000000000001 0.5689655172413793
20.0 5760.0 0.5833333333333333
23.0 5670.0 0.5833333333333333
19.8 5940.000000000001 0.6379310344827587
16.5 6226.000000000001 0.6333333333333333
23.0 5480.0 0.7333333333333334
14.3 6292.000000000001 0.6833333333333333
15.400000000000002 6270.000000000001 0.6666666666666667
