37.400000000000006 5940.000000000001 0.6206896551724138
20.900000000000002 6193.000000000001 0.55
19.8 5907.000000000001 0.6724137931034483
17.6 6028.000000000001 0.711864406779661
26.400000000000002 5951.000000000001 0.603448275862069
24.200000000000003 6127.000000000001 0.5344827586206897
17.6 6050.000000000001 0.6610169491525424
25.3 6116.000000000001 0.5172413793103448
19.8 6336.000000000001 0.5
17.6 6061.000000000001 0.576271186440678
18.700000000000003 5940.000000000001 0.6379310344827587
19.8 5973.000000000001 0.5862068965517242
18.700000000000003 6050.000000000001 0.5517241379310345
19.8 6248.000000000001 0.5423728813559322
18.700000000000003 5907.000000000001 0.7241379310344828
19.8 5896.000000000001 0.7241379310344828
21.0 5890.0 0.6229508196721312
18.700000000000003 6028.000000000001 0.5862068965517242
23.1 6193.000000000001 0.5423728813559322
23.1 6171.000000000001 0.55
25.3 6941.000000000001 0.49230769230769234
24.200000000000003 6039.000000000001 0.5689655172413793
17.6 6116.000000000001 0.5593220338983051
31.900000000000002 5863.000000000001 0.6379310344827587
21.0 5800.0 0.639344262295082
21.0 5700.0 0.6666666666666667
16.5 6534.000000000001 0.7142857142857143
21.0 5520.0 0.711864406779661
