17.6 6446.000000000001 0.540983606557377
23.0 5800.0 0.5573770491803278
17.6 6094.000000000001 0.6271186440677966
23.0 6060.0 0.5555555555555556
19.8 5929.000000000001 0.603448275862069
18.700000000000003 5962.000000000001 0.6724137931034483
18.700000000000003 5929.000000000001 0.6896551724137931
18.700000000000003 5973.000000000001 0.6551724137931034
19.8 6116.000000000001 0.4915254237288136
17.6 6061.000000000001 0.6779661016949152
18.700000000000003 6017.000000000001 0.5862068965517242
37.400000000000006 6094.000000000001 0.5344827586206897
14.3 6292.000000000001 0.5666666666666667
17.6 6083.000000000001 0.6440677966101696
19.8 6039.000000000001 0.5689655172413793
17.6 6116.000000000001 0.5932203389830508
18.700000000000003 6006.000000000001 0.6206896551724138
16.5 6127.000000000001 0.7
20.0 5690.0 0.6666666666666667
23.0 5610.0 0.7
18.700000000000003 6281.000000000001 0.55
17.6 6006.000000000001 0.6949152542372881
23.0 5640.0 0.5833333333333333
15.400000000000002 6160.000000000001 0.6833333333333333
15.400000000000002 6127.000000000001 0.7166666666666667
18.700000000000003 6072.000000000001 0.5593220338983051
17.6 6182.000000000001 0.5593220338983051
15.400000000000002 6270.000000000001 0.6
21.0 5830.0 0.5901639344262295
17.6 6710.000000000001 0.5238095238095238
21.0 5750.0 0.6229508196721312
14.3 6171.000000000001 0.6166666666666667
20.0 5770.0 0.6166666666666667
20.0 5750.0 0.6333333333333333
21.0 5520.0 0.711864406779661
19.8 5874.000000000001 0.7413793103448276
18.700000000000003 5907.000000000001 0.7241379310344828
