21.6 6564.000000000001 0.5087719298245614
23.0 5480.0 0.7333333333333334
17.6 6314.000000000001 0.55
19.8 6237.000000000001 0.5254237288135593
23.0 5560.0 0.6833333333333333
22.0 6446.000000000001 0.5245901639344263
25.3 6820.000000000001 0.5076923076923077
23.0 5720.0 0.55
20.0 5740.0 0.5833333333333333
19.8 6105.000000000001 0.5517241379310345
23.0 5510.0 0.7166666666666667
25.3 6127.000000000001 0.5084745762711864
23.0 5600.0 0.6
16.5 6215.000000000001 0.6
18.700000000000003 6215.000000000001 0.5593220338983051
17.6 6182.000000000001 0.5932203389830508
20.0 5600.0 0.6666666666666667
17.6 6270.000000000001 0.5833333333333333
14.3 6193.000000000001 0.6166666666666667
17.6 5962.000000000001 0.603448275862069
14.3 6182.000000000001 0.6333333333333333
18.700000000000003 6204.000000000001 0.576271186440678
20.0 5630.0 0.6
19.0 5800.0 0.6774193548387097
23.0 5610.0 0.5666666666666667
14.3 6391.000000000001 0.5666666666666667
19.0 5810.0 0.6451612903225806
16.5 6160.000000000001 0.7
14.3 6424.000000000001 0.5333333333333333
14.3 6303.000000000001 0.6
14.3 6413.000000000001 0.540983606557377
16.5 6303.000000000001 0.5833333333333333
21.0 5640.0 0.5833333333333333
19.8 6193.000000000001 0.5423728813559322
23.0 5570.0 0.6333333333333333
26.400000000000002 6259.000000000001 0.47457627118644063
18.700000000000003 6083.000000000001 0.5932203389830508
23.0 5790.0 0.5166666666666666
23.0 5770.0 0.5333333333333333
21.0 5620.0 0.65
19.0 5910.0 0.6129032258064516
21.0 5520.0 0.711864406779661
18.700000000000003 5907.000000000001 0.7241379310344828
