20.45296 2475.0 0.8846153846153846
21.90815 2816.0 0.5555555555555556
21.90815 2530.0 0.6
21.90815 2420.0 0.8
21.90815 2497.0 0.64
20.45296 3201.0000000000005 0.5483870967741935
26.886960000000002 3444.0000000000005 0.5161290322580645
21.90815 2442.0 0.72
20.45296 2673.0 0.5769230769230769
20.45296 2497.0 0.7307692307692308
21.316680000000005 2882.0000000000005 0.5357142857142857
21.90815 2343.0 0.84
20.45296 2519.0 0.6923076923076923
21.8427 3234.0000000000005 0.53125
21.90815 2475.0 0.6799999999999999
21.316680000000005 2761.0 0.5714285714285714
20.45296 2486.0 0.7692307692307692
20.45296 2541.0 0.6153846153846154
20.45296 3047.0000000000005 0.5517241379310345
