39.5148 4511.000000000001 0.4722222222222222
20.45296 2695.0 0.5384615384615384
21.316680000000005 2838.0000000000005 0.5
21.90815 2453.0 0.6799999999999999
20.45296 2409.0 0.76
20.45296 2607.0 0.5769230769230769
20.45296 2354.0 0.84
20.45296 2376.0 0.8
21.90815 2387.0 0.76
19.731800000000003 3014.0000000000005 0.5
16.55247 3245.0000000000005 0.6129032258064516
13.593029999999999 2464.0 0.64
19.731800000000003 2882.0000000000005 0.5862068965517242
13.593029999999999 2629.0 0.6153846153846154
18.030430000000003 3047.0000000000005 0.6
13.593029999999999 2420.0 0.84
18.030430000000003 2717.0 0.6071428571428572
13.593029999999999 2431.0 0.72
