37.601400000000005 6012.000000000001 0.5961538461538461
40.9452 5544.000000000001 0.5800000000000001
26.953080000000007 5412.000000000001 0.72
26.953080000000007 5340.000000000001 0.8200000000000001
40.9452 5460.000000000001 0.62
31.070160000000005 5532.000000000001 0.6122448979591837
27.333600000000004 5868.000000000001 0.6346153846153846
26.953080000000007 5676.000000000001 0.64
28.050120000000003 5244.000000000001 0.7755102040816326
37.925160000000005 5508.000000000001 0.6
29.838 5304.000000000001 0.6734693877551021
28.050120000000003 5592.000000000001 0.6122448979591837
29.838 5220.000000000001 0.6938775510204082
26.953080000000007 5460.000000000001 0.7
28.050120000000003 5376.000000000001 0.6326530612244898
26.953080000000007 5532.000000000001 0.6799999999999999
28.050120000000003 5256.000000000001 0.6938775510204082
28.050120000000003 5340.000000000001 0.6734693877551021
26.953080000000007 5292.000000000001 0.88
31.349670000000003 4741.0 0.8333333333333334
27.249360000000006 5220.000000000001 0.7916666666666666
27.666430000000002 5049.0 0.803921568627451
29.223920000000007 4752.0 0.7916666666666666
28.30355 5016.0 0.7647058823529411
24.252120000000005 5376.000000000001 0.88
24.632640000000006 5364.000000000001 0.8
