26.953080000000007 5280.000000000001 0.7959183673469388
26.953080000000007 5232.000000000001 0.8163265306122449
26.953080000000007 5316.000000000001 0.7346938775510203
26.953080000000007 5364.000000000001 0.7142857142857143
26.953080000000007 5484.000000000001 0.6734693877551021
28.050120000000003 5292.000000000001 0.6326530612244898
26.953080000000007 5580.000000000001 0.653061224489796
28.050120000000003 5232.000000000001 0.7346938775510203
39.23448 5820.000000000001 0.6226415094339622
26.953080000000007 5388.000000000001 0.6938775510204082
26.953080000000007 5292.000000000001 0.7551020408163265
28.204080000000005 5184.000000000001 0.7346938775510203
