28.050120000000003 5592.000000000001 0.6122448979591837
29.838 5220.000000000001 0.6938775510204082
26.953080000000007 5460.000000000001 0.7
28.050120000000003 5376.000000000001 0.6326530612244898
28.050120000000003 5256.000000000001 0.6938775510204082
29.838 5436.000000000001 0.5918367346938775
28.050120000000003 5220.000000000001 0.7346938775510203
32.85804 5460.000000000001 0.5714285714285714
29.838 5268.000000000001 0.6734693877551021
29.950320000000005 5088.000000000001 0.7234042553191489
29.950320000000005 5208.000000000001 0.574468085106383
34.19964000000001 5508.000000000001 0.5625
28.050120000000003 5328.000000000001 0.6734693877551021
28.89492 5244.000000000001 0.7083333333333333
26.953080000000007 5484.000000000001 0.6599999999999999
29.950320000000005 5112.000000000001 0.6595744680851063
29.950320000000005 4980.000000000001 0.7659574468085106
26.953080000000007 5556.000000000001 0.64
28.050120000000003 5340.000000000001 0.653061224489796
26.953080000000007 5592.000000000001 0.62
28.89492 5328.000000000001 0.6666666666666667
29.950320000000005 5040.000000000001 0.7446808510638299
29.838 5292.000000000001 0.6326530612244898
28.89492 5268.000000000001 0.6875
28.89492 5208.000000000001 0.75
25.349160000000005 5268.000000000001 0.7083333333333333
25.349160000000005 5136.000000000001 0.7708333333333334
31.349670000000003 4741.0 0.8333333333333334
27.666430000000002 5049.0 0.803921568627451
29.223920000000007 4752.0 0.7916666666666666
28.30355 5016.0 0.7647058823529411
24.252120000000005 5376.000000000001 0.88
24.632640000000006 5364.000000000001 0.8
