37.400000000000006 5060.0 0.4693877551020408
22.0 5005.0 0.5306122448979591
22.0 4972.0 0.5416666666666667
20.900000000000002 5049.0 0.5416666666666667
22.0 4840.0 0.574468085106383
18.700000000000003 5214.0 0.6
18.700000000000003 4829.0 0.6595744680851063
19.8 4664.0 0.6956521739130435
22.0 4708.0 0.6304347826086957
18.700000000000003 5060.0 0.6041666666666667
20.900000000000002 4961.0 0.5625
19.8 4785.0 0.6086956521739131
19.8 5027.0 0.5918367346938775
17.6 5291.0 0.5882352941176471
20.900000000000002 4609.0 0.6666666666666667
19.8 4829.0 0.5957446808510638
19.8 4708.0 0.6521739130434783
17.6 4873.0 0.6808510638297872
23.0 4350.0 0.6086956521739131
19.8 4774.0 0.6222222222222222
17.6 4917.0 0.6170212765957447
23.0 4390.0 0.5
18.700000000000003 4851.0 0.6382978723404256
19.8 4730.0 0.6444444444444444
19.8 5170.0 0.5510204081632653
19.8 4675.0 0.6666666666666667
17.6 4829.0 0.7234042553191489
29.700000000000003 4928.0 0.4893617021276596
29.700000000000003 4301.0 0.6666666666666667
