29.700000000000003 4796.0 0.4782608695652174
20.900000000000002 4928.0 0.5416666666666667
30.800000000000004 4598.0 0.5434782608695652
19.8 5093.0 0.5714285714285714
29.700000000000003 4686.0 0.5434782608695652
29.700000000000003 4444.0 0.5681818181818181
29.700000000000003 4543.0 0.5454545454545454
28.6 4510.0 0.5681818181818181
19.8 5137.0 0.5625
22.0 4884.0 0.5319148936170213
25.3 4719.0 0.5111111111111111
19.8 4609.0 0.6666666666666667
19.8 4642.0 0.6222222222222222
17.6 5368.0 0.5686274509803921
20.900000000000002 4785.0 0.5652173913043479
24.200000000000003 5302.0 0.52
25.3 5269.0 0.5102040816326531
17.6 4653.0 0.7111111111111111
20.900000000000002 5027.0 0.5208333333333333
20.900000000000002 4708.0 0.5777777777777777
18.700000000000003 4818.0 0.6666666666666667
29.700000000000003 4345.0 0.6511627906976745
17.6 4906.0 0.5957446808510638
20.900000000000002 4554.0 0.6444444444444444
19.8 4840.0 0.574468085106383
17.6 5115.0 0.5918367346938775
23.1 4543.0 0.75
24.200000000000003 4411.0 0.7209302325581395
35.2 4554.0 0.5227272727272727
22.0 4587.0 0.5909090909090908
19.8 4730.0 0.6
17.6 4807.0 0.6888888888888889
24.200000000000003 4455.0 0.6046511627906976
25.3 4653.0 0.5555555555555556
28.6 4411.0 0.6744186046511628
19.8 4587.0 0.7333333333333334
24.200000000000003 4697.0 0.5555555555555556
29.700000000000003 4301.0 0.6666666666666667
26.400000000000002 4367.0 0.6976744186046512
25.3 4422.0 0.5813953488372092
