26.400000000000002 4697.0 0.5333333333333333
28.6 4785.0 0.5106382978723405
28.6 4609.0 0.5555555555555556
22.0 4983.0 0.47916666666666663
30.800000000000004 4609.0 0.48888888888888893
29.700000000000003 4609.0 0.5111111111111111
26.400000000000002 4576.0 0.5777777777777777
29.700000000000003 4532.0 0.5454545454545454
28.6 4334.0 0.6976744186046512
28.6 4389.0 0.6744186046511628
31.900000000000002 4422.0 0.5348837209302326
19.8 4752.0 0.5434782608695652
20.900000000000002 4664.0 0.6521739130434783
20.900000000000002 5236.0 0.52
31.900000000000002 4378.0 0.5581395348837209
19.8 4664.0 0.7777777777777778
30.800000000000004 4389.0 0.6046511627906976
29.700000000000003 4356.0 0.627906976744186
26.400000000000002 4411.0 0.6511627906976745
30.800000000000004 4433.0 0.5348837209302326
18.700000000000003 4972.0 0.6458333333333333
18.700000000000003 5302.0 0.5800000000000001
19.8 4686.0 0.6086956521739131
17.6 5093.0 0.6734693877551021
17.6 5071.0 0.7142857142857143
18.700000000000003 5049.0 0.5833333333333333
29.700000000000003 4928.0 0.4893617021276596
17.6 4873.0 0.7446808510638299
29.700000000000003 4301.0 0.6666666666666667
26.400000000000002 4367.0 0.6976744186046512
25.3 4422.0 0.5813953488372092
20.900000000000002 4631.0 0.7333333333333334
