23.1 4730.0 0.5
30.800000000000004 4389.0 0.5348837209302326
22.0 4730.0 0.5333333333333333
25.3 4466.0 0.5116279069767442
38.5 4576.0 0.5111111111111111
25.3 4367.0 0.5581395348837209
25.3 4587.0 0.4772727272727273
24.200000000000003 4686.0 0.5333333333333333
24.200000000000003 4708.0 0.5111111111111111
29.700000000000003 4257.0 0.6904761904761905
25.3 4455.0 0.5348837209302326
20.900000000000002 4752.0 0.5111111111111111
26.400000000000002 4323.0 0.6904761904761905
29.700000000000003 4323.0 0.5952380952380952
19.8 4532.0 0.6136363636363636
19.8 4510.0 0.6363636363636364
19.8 4488.0 0.6590909090909092
29.700000000000003 4268.0 0.6428571428571428
18.700000000000003 5104.0 0.5918367346938775
18.700000000000003 4763.0 0.6222222222222222
19.8 4554.0 0.5454545454545454
18.700000000000003 4642.0 0.6444444444444444
17.6 4730.0 0.6666666666666667
22.0 4510.0 0.6136363636363636
18.700000000000003 4906.0 0.6170212765957447
