36.300000000000004 5148.0 0.4693877551020408
35.2 4499.0 0.5454545454545454
26.400000000000002 4411.0 0.5813953488372092
31.900000000000002 4598.0 0.5555555555555556
29.700000000000003 4928.0 0.4893617021276596
28.6 4862.0 0.5217391304347826
29.700000000000003 4730.0 0.5434782608695652
26.400000000000002 4763.0 0.5434782608695652
25.3 5214.0 0.48
30.800000000000004 4730.0 0.5217391304347826
34.1 4620.0 0.5454545454545454
38.5 4587.0 0.5333333333333333
24.200000000000003 4620.0 0.5652173913043479
29.700000000000003 4378.0 0.6046511627906976
20.900000000000002 4774.0 0.5869565217391304
29.700000000000003 4411.0 0.5581395348837209
26.400000000000002 4345.0 0.6511627906976745
29.700000000000003 4334.0 0.6511627906976745
23.1 5060.0 0.5208333333333333
19.8 4730.0 0.6304347826086957
17.6 4818.0 0.5319148936170213
17.6 4763.0 0.7111111111111111
19.8 4609.0 0.7333333333333334
17.6 4719.0 0.7333333333333334
20.900000000000002 4697.0 0.6
30.800000000000004 4697.0 0.5555555555555556
19.8 4620.0 0.6444444444444444
19.8 4598.0 0.7555555555555555
28.6 4708.0 0.5555555555555556
26.400000000000002 4356.0 0.627906976744186
30.800000000000004 4763.0 0.5
26.400000000000002 4719.0 0.5555555555555556
29.700000000000003 4763.0 0.5217391304347826
26.400000000000002 4466.0 0.5581395348837209
20.900000000000002 4576.0 0.6222222222222222
22.0 4741.0 0.5869565217391304
