18.700000000000003 4565.0 0.5454545454545454
30.800000000000004 4851.0 0.46808510638297873
17.6 4587.0 0.5454545454545454
23.0 3920.0 0.627906976744186
18.700000000000003 4455.0 0.7045454545454546
18.700000000000003 4477.0 0.6136363636363636
18.700000000000003 4543.0 0.5681818181818181
20.0 4110.0 0.5
22.0 4100.0 0.6363636363636364
17.6 4510.0 0.5909090909090908
20.0 4200.0 0.4772727272727273
23.0 3990.0 0.4883720930232558
17.6 4488.0 0.6363636363636364
17.6 4466.0 0.6590909090909092
18.700000000000003 4499.0 0.5909090909090908
23.0 3970.0 0.5348837209302326
17.6 4499.0 0.6136363636363636
17.6 4862.0 0.5217391304347826
23.0 3940.0 0.6046511627906976
