19.8 5038.0 0.5416666666666667
18.700000000000003 5313.0 0.5686274509803921
18.700000000000003 4972.0 0.7083333333333333
19.8 4983.0 0.5833333333333333
19.8 4653.0 0.6
19.8 4994.0 0.5625
18.700000000000003 5258.0 0.6
18.700000000000003 5236.0 0.6274509803921569
19.8 4598.0 0.6818181818181819
19.8 5170.0 0.52
18.700000000000003 5115.0 0.6326530612244898
18.700000000000003 5434.0 0.5192307692307692
38.5 4774.0 0.4565217391304348
19.8 4642.0 0.6136363636363636
18.700000000000003 5269.0 0.5882352941176471
18.700000000000003 5027.0 0.6666666666666667
31.900000000000002 4961.0 0.46808510638297873
18.700000000000003 5005.0 0.6875
20.0 4530.0 0.47916666666666663
23.0 3970.0 0.5581395348837209
23.0 4300.0 0.48888888888888893
18.700000000000003 4455.0 0.7272727272727273
17.6 4543.0 0.7272727272727273
20.0 4110.0 0.7272727272727273
