29.320080000000008 2952.0000000000005 0.8214285714285714
23.31168 3612.0000000000005 0.65625
33.44952 4004.000000000001 0.5757575757575757
23.31168 3144.0000000000005 0.8666666666666667
23.31168 3168.0000000000005 0.8
29.320080000000008 2976.0000000000005 0.75
23.31168 3360.0000000000005 0.7
29.320080000000008 3132.0000000000005 0.6071428571428572
23.31168 3588.0000000000005 0.6875
23.31168 3216.0000000000005 0.7666666666666666
23.31168 3264.0000000000005 0.7333333333333334
29.320080000000008 3048.0000000000005 0.6785714285714286
29.320080000000008 3012.0000000000005 0.7142857142857143
