28.085760000000008 3504.0000000000005 0.625
29.320080000000008 3036.0000000000005 0.7142857142857143
28.085760000000008 3096.0000000000005 0.7586206896551724
29.320080000000008 3024.0000000000005 0.75
28.085760000000008 3144.0000000000005 0.6551724137931034
29.320080000000008 3000.0000000000005 0.8214285714285714
35.596210000000006 3627.000000000001 0.6
29.320080000000008 2952.0000000000005 0.8571428571428572
23.31168 3132.0000000000005 0.7586206896551724
29.320080000000008 3012.0000000000005 0.7857142857142857
26.620920000000005 3252.0000000000005 0.6896551724137931
23.31168 3168.0000000000005 0.7241379310344828
23.31168 3276.0000000000005 0.6896551724137931
25.254320000000003 3926.000000000001 0.6363636363636364
23.31168 3048.0000000000005 0.8620689655172413
44.440889999999996 3705.000000000001 0.5806451612903225
28.085760000000008 3120.0000000000005 0.6896551724137931
23.31168 3060.0000000000005 0.7931034482758621
23.31168 3456.0000000000005 0.6774193548387097
