29.320080000000008 2952.0000000000005 0.8214285714285714
23.31168 3612.0000000000005 0.65625
33.44952 4004.000000000001 0.5757575757575757
23.31168 3144.0000000000005 0.8666666666666667
23.31168 3168.0000000000005 0.8
29.320080000000008 2976.0000000000005 0.75
29.320080000000008 3132.0000000000005 0.6071428571428572
23.31168 3264.0000000000005 0.7333333333333334
29.320080000000008 3048.0000000000005 0.6785714285714286
29.320080000000008 3012.0000000000005 0.7142857142857143
23.31168 3276.0000000000005 0.7
23.31168 3204.0000000000005 0.7666666666666666
29.320080000000008 2964.0000000000005 0.7857142857142857
23.31168 3156.0000000000005 0.8333333333333334
23.31168 3576.0000000000005 0.6875
27.573000000000004 3252.0000000000005 0.7586206896551724
27.573000000000004 3108.0000000000005 0.7931034482758621
