20.2101 4220.0 0.7111111111111111
19.426399999999997 3420.0 0.7297297297297297
29.4711 4210.0 0.6363636363636364
21.1243 3090.0 0.9428571428571428
30.0869 3120.0 0.8285714285714285
29.4711 3700.0 0.65
27.3817 3570.0 0.6666666666666667
21.1243 3230.0 0.7714285714285715
23.641000000000002 3450.0 0.7027027027027026
24.865 3280.0 0.75
24.865 3480.0 0.6756756756756757
26.9544 3270.0 0.75
19.426399999999997 3270.0 0.8918918918918919
21.1243 3110.0 0.8571428571428572
23.950800000000005 3460.0 0.6842105263157895
19.426399999999997 3600.0 0.717948717948718
29.4711 3330.0 0.7027027027027026
19.426399999999997 3330.0 0.7837837837837838
30.0869 3150.0 0.7428571428571429
21.1243 3180.0 0.8
19.426399999999997 3410.0 0.7567567567567568
30.0869 3090.0 0.8857142857142857
21.1243 3150.0 0.8285714285714285
19.426399999999997 3320.0 0.8108108108108107
26.9544 3410.0 0.6944444444444444
26.9544 3220.0 0.7777777777777778
21.1243 3300.0 0.7142857142857143
