21.1243 3160.0 0.8333333333333334
20.2101 3770.0 0.8333333333333334
21.1243 3540.0 0.6842105263157895
23.641000000000002 3450.0 0.7027027027027026
24.865 3550.0 0.641025641025641
20.2101 3740.0 0.9047619047619048
20.2101 3780.0 0.8095238095238095
23.641000000000002 3610.0 0.6578947368421053
21.1243 3520.0 0.7105263157894737
20.2101 3850.0 0.7857142857142857
20.2101 3900.0 0.7441860465116279
20.2101 4090.0 0.7272727272727273
21.1243 3300.0 0.7222222222222222
27.3817 3440.0 0.6666666666666667
24.865 3470.0 0.6756756756756757
21.1243 3270.0 0.75
27.3817 3460.0 0.6216216216216216
27.3817 3590.0 0.6052631578947368
21.1243 3210.0 0.7777777777777778
24.865 3370.0 0.7027027027027026
21.1243 3200.0 0.8055555555555556
25.8918 3460.0 0.6756756756756757
24.865 3250.0 0.75
