24.865 3480.0 0.6756756756756757
23.950800000000005 3460.0 0.6842105263157895
30.0869 3150.0 0.7428571428571429
26.9544 3410.0 0.6944444444444444
21.1243 3300.0 0.7142857142857143
29.4711 3260.0 0.7027027027027026
21.1243 3180.0 0.7428571428571429
24.865 3260.0 0.7222222222222222
21.1243 3160.0 0.7714285714285715
21.1243 3090.0 0.8285714285714285
21.1243 3490.0 0.6578947368421053
23.641000000000002 3380.0 0.7027027027027026
29.4711 3390.0 0.6756756756756757
27.3817 3440.0 0.631578947368421
27.3817 3420.0 0.6578947368421053
19.426399999999997 3390.0 0.7027027027027026
27.3817 3340.0 0.6842105263157895
21.1243 3140.0 0.8
21.1243 3080.0 0.8571428571428572
19.426399999999997 3220.0 0.8055555555555556
19.426399999999997 3190.0 0.8611111111111112
19.426399999999997 3310.0 0.75
21.1243 3060.0 0.9714285714285714
