33.84384000000001 5388.000000000001 0.5833333333333333
20.45296 4543.0 0.8297872340425532
24.28822 4499.0 0.7111111111111111
20.45296 5060.0 0.653061224489796
23.50601 4807.0 0.625
21.391150000000003 4576.0 0.7608695652173914
20.45296 4950.0 0.6734693877551021
20.494980000000005 4631.0 0.7872340425531915
21.90815 4664.0 0.6956521739130435
24.28822 4444.0 0.7333333333333334
20.494980000000005 4752.0 0.7021276595744681
20.45296 4653.0 0.7446808510638299
20.45296 4873.0 0.6808510638297872
23.50601 4730.0 0.6382978723404256
21.90815 4609.0 0.7173913043478262
20.494980000000005 4609.0 0.8260869565217391
23.50601 4620.0 0.6956521739130435
21.391150000000003 4686.0 0.7391304347826086
24.28822 4620.0 0.6666666666666667
20.45296 4774.0 0.7083333333333333
20.45296 4840.0 0.7021276595744681
21.90815 4499.0 0.7391304347826086
24.28822 4675.0 0.6304347826086957
23.50601 4708.0 0.6739130434782609
23.50601 4521.0 0.7173913043478262
24.28822 4598.0 0.6888888888888889
20.494980000000005 4862.0 0.6875
21.391150000000003 4730.0 0.6808510638297872
18.595610000000004 4477.0 0.8478260869565217
24.28822 4279.0 0.8409090909090909
20.45296 4466.0 0.8478260869565217
21.391150000000003 4411.0 0.8
