18.595610000000004 4598.0 0.7391304347826086
24.28822 4521.0 0.6818181818181819
20.45296 4686.0 0.6521739130434783
21.391150000000003 4477.0 0.6888888888888889
21.391150000000003 4466.0 0.7777777777777778
19.276400000000002 4807.0 0.6808510638297872
18.595610000000004 4510.0 0.782608695652174
24.28822 4609.0 0.6666666666666667
24.28822 4345.0 0.7045454545454546
18.595610000000004 4653.0 0.7173913043478262
19.19313 4576.0 0.7391304347826086
20.45296 4488.0 0.8043478260869565
25.090780000000002 4598.0 0.6666666666666667
18.595610000000004 4752.0 0.7021276595744681
21.391150000000003 4400.0 0.8222222222222222
20.45296 4532.0 0.7391304347826086
24.28822 4334.0 0.7272727272727273
24.28822 4257.0 0.8636363636363636
18.595610000000004 4873.0 0.6875
24.28822 4752.0 0.6086956521739131
20.45296 4609.0 0.7173913043478262
20.45296 4642.0 0.6739130434782609
