33.84384000000001 5388.000000000001 0.5833333333333333
24.28822 4499.0 0.7111111111111111
23.50601 4807.0 0.625
23.50601 4730.0 0.6382978723404256
24.28822 4675.0 0.6304347826086957
24.28822 4598.0 0.6666666666666667
21.90815 4741.0 0.6595744680851063
21.391150000000003 4565.0 0.7111111111111111
20.45296 4675.0 0.6739130434782609
21.391150000000003 4609.0 0.6956521739130435
23.50601 4862.0 0.5957446808510638
24.28822 4587.0 0.6956521739130435
21.391150000000003 4477.0 0.7333333333333334
24.28822 4422.0 0.7333333333333334
19.19313 5005.0 0.74
19.19313 4840.0 0.7551020408163265
19.19313 5115.0 0.7
20.45296 4851.0 0.6595744680851063
20.45296 4499.0 0.7173913043478262
20.45296 4664.0 0.7021276595744681
18.595610000000004 4840.0 0.7659574468085106
21.391150000000003 4466.0 0.7391304347826086
20.45296 4895.0 0.6170212765957447
23.50601 4631.0 0.6739130434782609
19.19313 5159.0 0.6799999999999999
19.19313 5071.0 0.72
24.28822 4653.0 0.6521739130434783
18.595610000000004 4477.0 0.8478260869565217
24.28822 4279.0 0.8409090909090909
20.45296 4466.0 0.8478260869565217
21.391150000000003 4411.0 0.8
