34.74152000000001 6424.000000000001 0.6507936507936508
24.883540000000004 6677.000000000001 0.7121212121212122
24.883540000000004 6765.000000000001 0.6716417910447761
34.74152000000001 6105.000000000001 0.7258064516129032
29.561730000000004 6028.000000000001 0.8225806451612903
24.883540000000004 6743.000000000001 0.696969696969697
34.74152000000001 6083.000000000001 0.7419354838709677
29.561730000000004 6105.000000000001 0.7741935483870968
34.74152000000001 6072.000000000001 0.7741935483870968
29.561730000000004 6116.000000000001 0.7580645161290323
29.561730000000004 6094.000000000001 0.8064516129032258
