35.48076000000001 7596.000000000001 0.6470588235294117
20.008890000000005 6435.000000000001 0.734375
21.34924 5819.000000000001 0.8305084745762712
30.51917 7007.000000000001 0.6617647058823529
35.29680000000001 7452.000000000001 0.6567164179104478
21.34924 5995.000000000001 0.6779661016949152
27.918000000000006 5984.000000000001 0.728813559322034
20.008890000000005 6501.000000000001 0.671875
20.008890000000005 6490.000000000001 0.71875
23.56662 5929.000000000001 0.7627118644067796
23.56662 5841.000000000001 0.7966101694915254
20.008890000000005 6006.000000000001 0.8032786885245902
21.001970000000004 6105.000000000001 0.7868852459016393
21.001970000000004 6248.000000000001 0.7540983606557377
20.008890000000005 6215.000000000001 0.7704918032786885
20.008890000000005 6325.000000000001 0.75
20.008890000000005 6369.000000000001 0.746031746031746
21.001970000000004 6149.000000000001 0.7666666666666666
23.56662 5885.000000000001 0.7796610169491526
20.008890000000005 6226.000000000001 0.7580645161290323
21.34924 5951.000000000001 0.7627118644067796
21.34924 5929.000000000001 0.7796610169491526
21.34924 5962.000000000001 0.7457627118644068
25.12433 5709.000000000001 0.7457627118644068
20.13737 5852.000000000001 0.85
