21.34924 6028.000000000001 0.7704918032786885
21.24441 6281.000000000001 0.6721311475409837
20.008890000000005 6479.000000000001 0.6825396825396826
23.29129 5962.000000000001 0.6779661016949152
20.45296 6204.000000000001 0.7419354838709677
21.24441 6116.000000000001 0.7049180327868853
21.24441 6061.000000000001 0.7540983606557377
21.0562 6556.000000000001 0.640625
21.97624 6116.000000000001 0.65
20.45296 6215.000000000001 0.7258064516129032
20.45296 6193.000000000001 0.7741935483870968
20.45296 6127.000000000001 0.7903225806451613
21.0562 6171.000000000001 0.7580645161290323
21.97624 6017.000000000001 0.6666666666666667
21.24441 6083.000000000001 0.7377049180327868
23.29129 6028.000000000001 0.6440677966101696
21.97624 5885.000000000001 0.7
23.59104 5885.000000000001 0.6949152542372881
25.12433 6017.000000000001 0.6440677966101696
20.45296 6259.000000000001 0.6774193548387097
21.34924 6039.000000000001 0.7377049180327868
20.45296 6226.000000000001 0.6935483870967742
21.34924 6270.000000000001 0.6557377049180328
21.34924 6215.000000000001 0.6885245901639344
23.29129 5907.000000000001 0.6949152542372881
20.008890000000005 6270.000000000001 0.7142857142857143
21.0562 6204.000000000001 0.7258064516129032
23.29129 5786.000000000001 0.7796610169491526
20.008890000000005 6193.000000000001 0.8095238095238095
23.29129 5808.000000000001 0.7627118644067796
20.45296 6116.000000000001 0.8225806451612903
23.29129 5852.000000000001 0.711864406779661
20.008890000000005 6424.000000000001 0.6984126984126984
23.59104 5918.000000000001 0.6610169491525424
21.24441 6457.000000000001 0.6666666666666667
20.45296 6523.000000000001 0.671875
23.59104 6347.000000000001 0.6229508196721312
25.12433 6072.000000000001 0.6333333333333333
21.1453 6468.000000000001 0.6666666666666667
