20.008890000000005 6501.000000000001 0.671875
20.008890000000005 6006.000000000001 0.7540983606557377
20.692870000000003 5962.000000000001 0.8360655737704918
21.34924 5918.000000000001 0.7457627118644068
21.001970000000004 5984.000000000001 0.75
21.34924 5984.000000000001 0.6271186440677966
21.001970000000004 5940.000000000001 0.7833333333333333
21.34924 5808.000000000001 0.8305084745762712
21.001970000000004 6237.000000000001 0.7
21.001970000000004 6347.000000000001 0.6984126984126984
21.34924 5830.000000000001 0.7627118644067796
21.001970000000004 5896.000000000001 0.8333333333333334
20.008890000000005 6303.000000000001 0.7049180327868853
23.56662 5929.000000000001 0.711864406779661
25.12433 5962.000000000001 0.6949152542372881
21.34924 5962.000000000001 0.728813559322034
27.918000000000006 5962.000000000001 0.6779661016949152
21.34924 5973.000000000001 0.6949152542372881
27.918000000000006 5885.000000000001 0.728813559322034
20.008890000000005 6402.000000000001 0.6984126984126984
25.118170000000003 5786.000000000001 0.864406779661017
25.118170000000003 5896.000000000001 0.728813559322034
20.008890000000005 6094.000000000001 0.7213114754098361
25.12433 5709.000000000001 0.7457627118644068
20.13737 5852.000000000001 0.85
