23.31168 3168.0000000000005 0.8333333333333334
38.312430000000006 3757.000000000001 0.59375
38.312430000000006 3484.000000000001 0.6206896551724138
25.065720000000006 2976.0000000000005 0.8928571428571429
29.320080000000008 3264.0000000000005 0.6333333333333333
27.573000000000004 3612.0000000000005 0.625
28.085760000000008 3276.0000000000005 0.6551724137931034
23.31168 3516.0000000000005 0.6875
25.065720000000006 3072.0000000000005 0.75
23.31168 3216.0000000000005 0.7666666666666666
28.085760000000008 3252.0000000000005 0.6896551724137931
29.320080000000008 3084.0000000000005 0.6785714285714286
23.31168 3192.0000000000005 0.8
25.065720000000006 3012.0000000000005 0.8214285714285714
29.320080000000008 3132.0000000000005 0.6428571428571428
27.573000000000004 3168.0000000000005 0.7241379310344828
29.320080000000008 2976.0000000000005 0.7857142857142857
25.065720000000006 3036.0000000000005 0.7857142857142857
27.573000000000004 3504.0000000000005 0.6875
29.320080000000008 3024.0000000000005 0.75
23.31168 3264.0000000000005 0.7
29.320080000000008 3072.0000000000005 0.7142857142857143
28.085760000000008 3144.0000000000005 0.7241379310344828
29.320080000000008 2952.0000000000005 0.8214285714285714
23.31168 3144.0000000000005 0.8666666666666667
