23.31168 3132.0000000000005 0.7931034482758621
28.085760000000008 3192.0000000000005 0.6896551724137931
28.085760000000008 3120.0000000000005 0.7586206896551724
28.085760000000008 3264.0000000000005 0.6551724137931034
23.31168 3060.0000000000005 0.8275862068965517
29.320080000000008 3012.0000000000005 0.7142857142857143
28.085760000000008 3540.0000000000005 0.625
29.320080000000008 3168.0000000000005 0.6428571428571428
23.31168 3144.0000000000005 0.7586206896551724
29.320080000000008 2952.0000000000005 0.7857142857142857
23.31168 3528.0000000000005 0.6875
23.31168 3204.0000000000005 0.6896551724137931
28.085760000000008 3132.0000000000005 0.7241379310344828
27.573000000000004 3480.0000000000005 0.6875
38.312430000000006 3692.000000000001 0.5806451612903225
26.620920000000005 3120.0000000000005 0.7931034482758621
26.620920000000005 3180.0000000000005 0.7241379310344828
29.320080000000008 3096.0000000000005 0.6785714285714286
26.490880000000008 4381.000000000001 0.6857142857142857
