29.320080000000008 3264.0000000000005 0.6333333333333333
23.31168 3516.0000000000005 0.6875
29.320080000000008 3132.0000000000005 0.6428571428571428
27.573000000000004 3168.0000000000005 0.7241379310344828
23.31168 3264.0000000000005 0.7
25.065720000000006 2964.0000000000005 0.7857142857142857
29.320080000000008 2988.0000000000005 0.7142857142857143
28.085760000000008 3144.0000000000005 0.6896551724137931
25.065720000000006 3180.0000000000005 0.7142857142857143
29.320080000000008 3060.0000000000005 0.6785714285714286
25.065720000000006 2952.0000000000005 0.8928571428571429
38.312430000000006 3666.000000000001 0.5625
29.320080000000008 3372.0000000000005 0.6
26.953080000000007 3180.0000000000005 0.6896551724137931
23.31168 3108.0000000000005 0.7931034482758621
25.065720000000006 3444.0000000000005 0.6774193548387097
23.31168 3084.0000000000005 0.8275862068965517
23.31168 3564.0000000000005 0.625
25.065720000000006 3468.0000000000005 0.6129032258064516
23.31168 3180.0000000000005 0.7586206896551724
25.065720000000006 3024.0000000000005 0.75
28.085760000000008 3156.0000000000005 0.6551724137931034
29.320080000000008 2952.0000000000005 0.8214285714285714
