25.083520000000004 2563.0 0.5958333333333334
25.083520000000004 2343.0 0.6217391304347827
24.00013 2189.0 0.8608695652173914
22.28039 2420.0 0.6875
22.28039 2376.0 0.9166666666666667
24.00013 2222.0 0.7652173913043478
22.800030000000003 2365.0 0.7791666666666667
24.59303 2398.0 0.6217391304347827
22.28039 2519.0 0.6416666666666666
24.00013 2266.0 0.7173913043478262
22.28039 2387.0 0.7791666666666667
24.00013 2310.0 0.6695652173913045
22.800030000000003 2354.0 0.8250000000000001
22.800030000000003 2398.0 0.6416666666666666
22.800030000000003 2343.0 0.8708333333333333
22.800030000000003 2387.0 0.7333333333333335
