25.083520000000004 2563.0 0.5958333333333334
24.00013 2189.0 0.8608695652173914
22.28039 2420.0 0.6875
24.00013 2222.0 0.7652173913043478
22.28039 2387.0 0.7791666666666667
22.800030000000003 2398.0 0.6416666666666666
22.800030000000003 2343.0 0.8708333333333333
22.28039 2398.0 0.7333333333333335
25.083520000000004 2310.0 0.6217391304347827
22.800030000000003 2354.0 0.7333333333333335
24.00013 2299.0 0.6695652173913045
22.28039 2376.0 0.8250000000000001
22.28039 2497.0 0.6416666666666666
25.5156 2288.0 0.6695652173913045
24.00013 2376.0 0.6217391304347827
22.800030000000003 2387.0 0.6875
24.00013 2244.0 0.7173913043478262
