22.027829999999998 1793.0000000000002 0.48888888888888893
17.90283 1408.0 0.8066666666666668
17.521920000000005 1872.0000000000002 0.6352941176470589
17.521920000000005 1776.0000000000002 0.8470588235294119
17.90283 1441.0000000000002 0.7333333333333335
17.90283 1650.0000000000002 0.55
17.72606 1760.0000000000002 0.6111111111111112
17.72606 1551.0000000000002 0.6875
17.521920000000005 1836.0000000000002 0.7058823529411766
17.72606 1507.0000000000002 0.7562500000000001
17.521920000000005 1800.0000000000002 0.7764705882352941
17.72606 1595.0000000000002 0.61875
17.90283 1485.0000000000002 0.66
