17.72606 1518.0000000000002 0.8250000000000001
17.521920000000005 2100.0000000000005 0.6947368421052633
17.90283 1419.0000000000002 0.66
17.72606 1507.0000000000002 0.89375
17.72606 1529.0000000000002 0.7562500000000001
17.521920000000005 1752.0000000000002 0.9882352941176472
17.72606 1551.0000000000002 0.6875
17.90283 1551.0000000000002 0.5866666666666667
17.521920000000005 1800.0000000000002 0.7764705882352941
17.521920000000005 2076.0000000000005 0.7578947368421053
17.72606 1727.0000000000002 0.6722222222222223
17.90283 1716.0000000000002 0.5176470588235295
17.90283 1661.0000000000002 0.5823529411764706
17.72606 1782.0000000000002 0.55
17.72606 1760.0000000000002 0.6111111111111112
