22.027829999999998 1793.0000000000002 0.48888888888888893
17.90283 1408.0 0.8066666666666668
17.72606 1760.0000000000002 0.6111111111111112
17.72606 1595.0000000000002 0.61875
17.90283 1749.0000000000002 0.5176470588235295
17.521920000000005 1812.0000000000002 0.7058823529411766
17.72606 1496.0000000000002 0.8250000000000001
17.521920000000005 1752.0000000000002 0.8470588235294119
17.90283 1463.0000000000002 0.66
17.72606 1507.0000000000002 0.6875
17.90283 1606.0000000000002 0.55
17.521920000000005 1836.0000000000002 0.6352941176470589
17.90283 1496.0000000000002 0.5866666666666667
17.90283 1430.0000000000002 0.7333333333333335
17.521920000000005 1788.0000000000002 0.7764705882352941
