20.2101 3590.0 0.8780487804878049
24.865 3180.0 0.8888888888888888
27.3817 4010.0 0.6190476190476191
27.3817 3420.0 0.6756756756756757
25.8918 3430.0 0.6486486486486487
22.4559 3710.0 0.675
21.1243 3490.0 0.7105263157894737
20.2101 3740.0 0.7804878048780488
20.2101 3770.0 0.7560975609756098
23.641000000000002 3480.0 0.6842105263157895
21.1243 3370.0 0.7297297297297297
23.3751 3330.0 0.7222222222222222
20.2101 3890.0 0.7380952380952381
24.865 3700.0 0.675
20.2101 3910.0 0.6904761904761905
27.3817 3660.0 0.641025641025641
25.464499999999997 3180.0 0.8611111111111112
21.1243 3210.0 0.8333333333333334
20.2101 3670.0 0.8536585365853658
21.1243 3260.0 0.8055555555555556
24.865 3210.0 0.8055555555555556
24.865 3230.0 0.7777777777777778
23.641000000000002 3390.0 0.7027027027027026
24.865 3200.0 0.8611111111111112
27.3817 3360.0 0.7027027027027026
27.3817 3320.0 0.7297297297297297
21.1243 3280.0 0.75
24.865 3240.0 0.75
27.3817 3400.0 0.6842105263157895
23.3751 3220.0 0.8055555555555556
21.1243 3270.0 0.7777777777777778
