21.1243 3270.0 0.7142857142857143
23.641000000000002 3310.0 0.7027027027027026
21.1243 3430.0 0.7027027027027026
24.865 3390.0 0.6944444444444444
19.426399999999997 3210.0 0.8333333333333334
19.426399999999997 3360.0 0.7297297297297297
19.426399999999997 3260.0 0.7777777777777778
21.1243 3140.0 0.7714285714285715
19.426399999999997 3300.0 0.7567567567567568
19.426399999999997 3460.0 0.7027027027027026
21.1243 3230.0 0.7428571428571429
19.426399999999997 3170.0 0.8888888888888888
23.641000000000002 3400.0 0.6756756756756757
21.1243 3090.0 0.8571428571428572
20.2198 3280.0 0.75
21.1243 3110.0 0.8285714285714285
19.426399999999997 3530.0 0.6578947368421053
21.1243 3520.0 0.6842105263157895
19.426399999999997 3230.0 0.8055555555555556
21.1243 3190.0 0.75
