20.2101 3590.0 0.8780487804878049
25.8918 3430.0 0.6486486486486487
22.4559 3710.0 0.675
20.2101 3740.0 0.7804878048780488
20.2101 3770.0 0.7560975609756098
20.2101 3910.0 0.6904761904761905
20.2101 3670.0 0.8536585365853658
24.865 3240.0 0.75
20.2101 3700.0 0.8292682926829268
20.2101 3830.0 0.7142857142857143
24.865 3340.0 0.6666666666666667
21.1243 3090.0 0.8857142857142857
21.1243 3210.0 0.7714285714285715
21.1243 3350.0 0.6944444444444444
23.641000000000002 3570.0 0.6666666666666667
21.1243 3110.0 0.8571428571428572
21.1243 3260.0 0.7428571428571429
21.1243 3140.0 0.8
23.641000000000002 3370.0 0.6756756756756757
21.1243 3270.0 0.7222222222222222
21.1243 3440.0 0.6842105263157895
23.641000000000002 3290.0 0.6944444444444444
22.8359 3200.0 0.7714285714285715
27.3817 3500.0 0.5789473684210527
