22.460900000000002 4140.0 0.6888888888888889
30.186500000000002 3450.0 0.6486486486486487
21.1243 3090.0 0.8857142857142857
19.426399999999997 3380.0 0.8108108108108107
19.426399999999997 3360.0 0.8918918918918919
27.3817 3500.0 0.6842105263157895
25.8918 3610.0 0.6923076923076923
23.641000000000002 3650.0 0.6578947368421053
23.213699999999996 3110.0 0.8285714285714285
20.674299999999995 3270.0 0.8611111111111112
20.2101 3930.0 0.6904761904761905
27.3817 3510.0 0.6578947368421053
24.865 3200.0 0.75
21.1243 3180.0 0.8
24.865 3230.0 0.7222222222222222
20.2101 3780.0 0.7560975609756098
20.674299999999995 3440.0 0.7297297297297297
23.213699999999996 3170.0 0.7714285714285715
20.2101 3900.0 0.7380952380952381
20.2101 3920.0 0.7142857142857143
20.2101 3740.0 0.8095238095238095
21.1243 3290.0 0.6944444444444444
20.2101 3760.0 0.7857142857142857
20.674299999999995 3310.0 0.7837837837837838
20.2198 3280.0 0.8055555555555556
23.3751 3280.0 0.6944444444444444
21.1243 3270.0 0.7777777777777778
