24.5265 3450.0 0.7027027027027026
21.1243 3250.0 0.7777777777777778
23.3751 3120.0 0.8571428571428572
23.3751 3150.0 0.8
23.3751 3180.0 0.7714285714285715
21.1243 3210.0 0.8333333333333334
24.865 3130.0 0.7428571428571429
23.3751 3370.0 0.7297297297297297
20.2101 3800.0 0.7619047619047619
31.668599999999994 3430.0 0.6756756756756757
22.460900000000002 3560.0 0.7435897435897436
21.1243 3200.0 0.9166666666666666
23.3751 3260.0 0.7428571428571429
23.3751 3070.0 0.8857142857142857
21.923299999999998 3730.0 0.75
24.865 3050.0 0.9142857142857143
24.5265 3350.0 0.7297297297297297
21.1243 3390.0 0.7567567567567568
23.3751 3130.0 0.8285714285714285
24.865 3120.0 0.8
24.865 3170.0 0.6857142857142857
22.460900000000002 3630.0 0.717948717948718
22.460900000000002 4190.0 0.6666666666666667
24.865 3070.0 0.8285714285714285
22.460900000000002 3790.0 0.7073170731707317
23.950800000000005 4180.0 0.6590909090909092
