30.186500000000002 3450.0 0.6486486486486487
24.865 3230.0 0.7222222222222222
21.1243 3290.0 0.6944444444444444
23.3751 3280.0 0.6944444444444444
20.2101 3870.0 0.6829268292682926
21.1243 3150.0 0.7714285714285715
20.674299999999995 3470.0 0.7027027027027026
23.641000000000002 3480.0 0.6578947368421053
21.1243 3110.0 0.8
34.18529999999999 3810.0 0.6341463414634146
27.3817 3280.0 0.6756756756756757
19.426399999999997 3520.0 0.7027027027027026
21.1243 3200.0 0.75
25.8918 3830.0 0.6341463414634146
19.426399999999997 3160.0 0.8285714285714285
21.1243 3090.0 0.8285714285714285
21.1243 3070.0 0.8571428571428572
19.426399999999997 3210.0 0.7428571428571429
19.426399999999997 3100.0 0.8857142857142857
21.1243 3470.0 0.6756756756756757
19.426399999999997 3340.0 0.7222222222222222
20.2198 3080.0 0.8571428571428572
20.2198 3200.0 0.7777777777777778
19.426399999999997 3130.0 0.8571428571428572
20.2198 3140.0 0.8
