26.953080000000007 5412.000000000001 0.72
26.953080000000007 5556.000000000001 0.6
29.838 5172.000000000001 0.6666666666666667
28.204080000000005 5196.000000000001 0.7291666666666667
26.953080000000007 5400.000000000001 0.78
28.050120000000003 5280.000000000001 0.6458333333333333
26.953080000000007 5448.000000000001 0.6938775510204082
26.953080000000007 5544.000000000001 0.6799999999999999
29.838 5220.000000000001 0.625
29.838 5160.000000000001 0.7083333333333333
28.050120000000003 5172.000000000001 0.75
28.050120000000003 5244.000000000001 0.7291666666666667
28.050120000000003 5124.000000000001 0.7708333333333334
28.204080000000005 5256.000000000001 0.6875
29.838 5268.000000000001 0.6041666666666667
28.050120000000003 5268.000000000001 0.6875
26.953080000000007 5292.000000000001 0.88
31.349670000000003 4741.0 0.8333333333333334
27.249360000000006 5220.000000000001 0.7916666666666666
27.666430000000002 5049.0 0.803921568627451
29.223920000000007 4752.0 0.7916666666666666
28.30355 5016.0 0.7647058823529411
24.252120000000005 5376.000000000001 0.88
24.632640000000006 5364.000000000001 0.8
