25.0926 5568.000000000001 0.7
27.666430000000002 4862.0 0.8775510204081632
24.252120000000005 5388.000000000001 0.7551020408163265
32.77483000000001 4763.0 0.7291666666666667
32.77483000000001 4752.0 0.75
27.666430000000002 4950.0 0.6938775510204082
27.666430000000002 4895.0 0.7551020408163265
28.74096000000001 5676.000000000001 0.62
24.252120000000005 5352.000000000001 0.7755102040816326
24.252120000000005 5568.000000000001 0.72
25.0926 5640.000000000001 0.6799999999999999
25.0926 5520.000000000001 0.72
25.289160000000006 5736.000000000001 0.6666666666666667
27.666430000000002 4972.0 0.6734693877551021
30.142310000000002 4862.0 0.7755102040816326
27.666430000000002 4884.0 0.7755102040816326
26.953080000000007 5484.000000000001 0.6599999999999999
32.77483000000001 4917.0 0.6666666666666667
32.77483000000001 4895.0 0.6875
26.953080000000007 5424.000000000001 0.6799999999999999
25.137719999999998 5604.000000000001 0.6862745098039216
27.666430000000002 5027.0 0.653061224489796
26.33136 5616.000000000001 0.6666666666666667
29.838 5436.000000000001 0.6326530612244898
27.666430000000002 4928.0 0.7142857142857143
32.77483000000001 5082.0 0.6326530612244898
32.77483000000001 5016.0 0.653061224489796
32.77483000000001 4785.0 0.7083333333333333
