26.953080000000007 5556.000000000001 0.6
29.838 5172.000000000001 0.6666666666666667
29.838 5220.000000000001 0.625
28.050120000000003 5124.000000000001 0.7708333333333334
29.838 5268.000000000001 0.6041666666666667
28.204080000000005 5160.000000000001 0.7291666666666667
28.204080000000005 5112.000000000001 0.75
26.953080000000007 5328.000000000001 0.7551020408163265
28.204080000000005 5196.000000000001 0.6666666666666667
28.050120000000003 5172.000000000001 0.6875
29.838 5160.000000000001 0.6875
29.838 5184.000000000001 0.6458333333333333
29.838 5148.000000000001 0.7291666666666667
26.953080000000007 5292.000000000001 0.8367346938775511
26.953080000000007 5340.000000000001 0.7346938775510203
24.632640000000006 5808.000000000001 0.6730769230769231
26.953080000000007 5376.000000000001 0.6734693877551021
29.838 5064.000000000001 0.75
40.37136000000001 5676.000000000001 0.5686274509803921
24.632640000000006 5580.000000000001 0.6799999999999999
28.050120000000003 5268.000000000001 0.625
26.953080000000007 5256.000000000001 0.8571428571428572
25.289160000000006 5448.000000000001 0.6599999999999999
25.289160000000006 5352.000000000001 0.8
25.349160000000005 5304.000000000001 0.8571428571428572
25.289160000000006 5436.000000000001 0.7
25.349160000000005 5412.000000000001 0.7142857142857143
26.953080000000007 5304.000000000001 0.7959183673469388
25.349160000000005 5256.000000000001 0.8775510204081632
24.632640000000006 5436.000000000001 0.72
31.349670000000003 4741.0 0.8333333333333334
27.249360000000006 5220.000000000001 0.7916666666666666
27.666430000000002 5049.0 0.803921568627451
29.223920000000007 4752.0 0.7916666666666666
28.30355 5016.0 0.7647058823529411
24.252120000000005 5376.000000000001 0.88
24.632640000000006 5364.000000000001 0.8
