17.90283 1661.0000000000002 0.5294117647058824
17.521920000000005 1776.0000000000002 0.7058823529411764
17.521920000000005 1884.0000000000002 0.6470588235294117
17.90283 1408.0 0.7333333333333334
17.521920000000005 2040.0000000000002 0.631578947368421
17.72606 1595.0000000000002 0.625
17.521920000000005 2064.0000000000005 0.5789473684210527
17.90283 1496.0000000000002 0.5333333333333333
17.90283 1430.0000000000002 0.6
17.72606 1738.0000000000002 0.5555555555555556
17.72606 1507.0000000000002 0.6875
17.72606 1826.0000000000002 0.5
