17.90283 1408.0 0.7333333333333334
17.521920000000005 2052.0000000000005 0.5263157894736843
17.72606 1496.0000000000002 0.75
17.90283 1826.0000000000002 0.38888888888888884
17.90283 1716.0000000000002 0.4117647058823529
17.72606 1529.0000000000002 0.625
17.521920000000005 1872.0000000000002 0.5294117647058824
17.90283 1419.0000000000002 0.6666666666666667
17.72606 1749.0000000000002 0.4444444444444444
17.72606 1595.0000000000002 0.5625
17.521920000000005 1836.0000000000002 0.5882352941176471
17.90283 1441.0000000000002 0.6
17.521920000000005 1764.0000000000002 0.6470588235294117
17.72606 1727.0000000000002 0.5555555555555556
17.90283 1397.0 0.8
17.90283 1507.0000000000002 0.4666666666666667
