33.60000000000001 4020.0000000000005 0.37142857142857144
23.1 2882.0000000000005 0.5357142857142857
23.1 2871.0000000000005 0.6785714285714286
23.1 2838.0000000000005 0.7142857142857143
20.0 2870.0 0.8709677419354839
20.0 2930.0 0.5806451612903225
27.600000000000005 3768.0000000000005 0.4545454545454546
15.400000000000002 3707.0000000000005 0.6285714285714286
22.0 4004.0000000000005 0.4736842105263158
20.0 2940.0 0.5483870967741935
15.400000000000002 3729.0000000000005 0.5428571428571429
18.700000000000003 3322.0000000000005 0.4838709677419355
15.400000000000002 3652.0000000000005 0.6571428571428571
23.1 3278.0000000000005 0.4838709677419355
20.0 2890.0 0.7096774193548387
20.0 2880.0 0.8387096774193549
27.600000000000005 4080.0000000000005 0.4
15.400000000000002 3773.0000000000005 0.5142857142857142
20.0 2900.0 0.6451612903225806
15.400000000000002 3927.0000000000005 0.4864864864864865
17.0 2670.0 0.8928571428571429
14.3 6138.000000000001 0.5593220338983051
16.0 2920.0 0.6666666666666667
16.0 2990.0 0.48484848484848486
15.0 3440.0 0.7222222222222222
