20.0 2880.0 0.7096774193548387
23.1 2860.0000000000005 0.7142857142857143
22.0 5049.0 0.44680851063829785
23.1 2816.0 0.75
15.0 3600.0 0.631578947368421
23.1 2882.0000000000005 0.6071428571428572
20.0 2890.0 0.5806451612903225
15.0 3590.0 0.6842105263157895
20.0 2960.0 0.5483870967741935
22.0 3234.0000000000005 0.4666666666666667
15.0 3580.0 0.7027027027027026
15.0 3540.0 0.736842105263158
23.1 2904.0000000000005 0.4642857142857143
15.0 3520.0 0.7567567567567568
30.000000000000004 4440.000000000001 0.46153846153846156
16.0 2930.0 0.6666666666666667
17.0 2810.0 0.7666666666666666
16.0 3030.0 0.48484848484848486
15.400000000000002 3927.0000000000005 0.4864864864864865
