27.600000000000005 4728.000000000001 0.41463414634146345
29.900000000000006 4576.000000000001 0.41666666666666663
25.3 3267.0000000000005 0.4193548387096774
15.400000000000002 3663.0000000000005 0.6
20.0 2880.0 0.6129032258064516
20.0 2960.0 0.5483870967741935
22.0 3872.0000000000005 0.43243243243243246
20.0 2950.0 0.5806451612903225
20.0 2990.0 0.5161290322580645
15.400000000000002 3828.0000000000005 0.4571428571428572
15.400000000000002 3751.0000000000005 0.5428571428571429
23.1 2937.0000000000005 0.5
23.1 2838.0000000000005 0.6428571428571428
20.0 2850.0 0.7419354838709677
23.1 2893.0000000000005 0.5357142857142857
23.1 2816.0 0.8214285714285714
15.400000000000002 3630.0000000000005 0.6571428571428571
23.1 2827.0000000000005 0.7142857142857143
16.0 2930.0 0.6666666666666667
24.0 2990.0 0.48484848484848486
17.0 2670.0 0.8928571428571429
14.3 6138.000000000001 0.5593220338983051
16.0 3020.0 0.4545454545454546
17.0 3000.0 0.48484848484848486
15.0 3470.0 0.8108108108108107
