22.0 3718.0000000000005 0.4285714285714286
15.400000000000002 3850.0000000000005 0.5135135135135135
23.1 2838.0000000000005 0.75
20.0 2960.0 0.5806451612903225
20.0 2980.0 0.5161290322580645
20.0 2890.0 0.6774193548387097
20.0 2910.0 0.6129032258064516
20.0 2880.0 0.7419354838709677
23.1 2849.0000000000005 0.6428571428571428
27.600000000000005 4836.000000000001 0.40476190476190477
20.0 2900.0 0.6451612903225806
23.1 2904.0000000000005 0.5714285714285714
23.1 2970.0000000000005 0.5357142857142857
25.200000000000003 3672.0000000000005 0.4375
15.400000000000002 3872.0000000000005 0.4864864864864865
15.400000000000002 3718.0000000000005 0.6
23.1 2871.0000000000005 0.6071428571428572
15.400000000000002 3828.0000000000005 0.5142857142857142
15.400000000000002 3795.0000000000005 0.5714285714285714
15.400000000000002 3652.0000000000005 0.6857142857142857
15.400000000000002 3685.0000000000005 0.6285714285714286
16.0 2930.0 0.6666666666666667
17.0 2810.0 0.7666666666666666
15.0 3570.0 0.7567567567567568
16.0 3030.0 0.48484848484848486
24.0 2990.0 0.48484848484848486
