33.60000000000001 5172.000000000001 0.4222222222222223
23.1 2849.0000000000005 0.6428571428571428
33.60000000000001 5124.000000000001 0.4444444444444444
34.800000000000004 4320.000000000001 0.4473684210526315
23.1 2915.0000000000005 0.5357142857142857
20.0 2930.0 0.6129032258064516
20.0 2980.0 0.5483870967741935
30.000000000000004 4620.000000000001 0.44999999999999996
15.0 3660.0 0.631578947368421
15.0 3590.0 0.6578947368421053
20.0 2940.0 0.5806451612903225
20.0 2910.0 0.6451612903225806
15.0 3550.0 0.7105263157894737
23.1 2871.0000000000005 0.6071428571428572
16.0 2930.0 0.6666666666666667
17.0 2810.0 0.7666666666666666
15.400000000000002 3927.0000000000005 0.4864864864864865
24.0 2990.0 0.48484848484848486
14.3 6303.000000000001 0.6
16.0 3030.0 0.4545454545454546
18.0 3020.0 0.48484848484848486
