15.400000000000002 3795.0000000000005 0.5428571428571429
15.400000000000002 3674.0000000000005 0.6
25.3 3608.0000000000005 0.4411764705882353
25.3 4400.0 0.4390243902439024
27.600000000000005 4872.000000000001 0.40476190476190477
15.400000000000002 3828.0000000000005 0.5142857142857142
17.0 2720.0 0.5
16.0 2670.0 0.6071428571428572
15.400000000000002 3630.0000000000005 0.6285714285714286
15.400000000000002 3685.0000000000005 0.5714285714285714
17.0 2530.0 0.6666666666666667
16.0 2610.0 0.6785714285714286
16.0 2580.0 0.8148148148148149
17.0 2560.0 0.5555555555555556
15.400000000000002 3927.0000000000005 0.4864864864864865
24.0 2990.0 0.48484848484848486
14.3 6303.000000000001 0.6
16.0 3030.0 0.4545454545454546
18.0 3020.0 0.48484848484848486
15.0 3560.0 0.736842105263158
