20.0 2970.0 0.5483870967741935
23.1 2860.0000000000005 0.6785714285714286
20.0 2930.0 0.5806451612903225
20.900000000000002 2860.0000000000005 0.7142857142857143
23.1 2904.0000000000005 0.5357142857142857
20.900000000000002 2904.0000000000005 0.5714285714285714
15.400000000000002 3696.0000000000005 0.5714285714285714
23.1 2838.0000000000005 0.75
23.1 2882.0000000000005 0.6071428571428572
15.400000000000002 3773.0000000000005 0.5428571428571429
20.0 2920.0 0.6451612903225806
25.3 3234.0000000000005 0.4516129032258065
15.400000000000002 3630.0000000000005 0.6285714285714286
20.0 2890.0 0.7096774193548387
16.0 2930.0 0.6666666666666667
17.0 2810.0 0.7666666666666666
15.400000000000002 3927.0000000000005 0.4864864864864865
24.0 2990.0 0.48484848484848486
14.3 6303.000000000001 0.6
16.0 3030.0 0.4545454545454546
18.0 3020.0 0.48484848484848486
15.0 3560.0 0.736842105263158
