15.400000000000002 3938.0000000000005 0.5135135135135135
27.600000000000005 5160.000000000001 0.4666666666666667
20.0 2900.0 0.6129032258064516
23.1 2893.0000000000005 0.5714285714285714
23.1 2948.0000000000005 0.5357142857142857
20.0 2930.0 0.5806451612903225
23.1 2838.0000000000005 0.6428571428571428
20.0 2960.0 0.5483870967741935
20.0 2880.0 0.7419354838709677
20.0 2980.0 0.5161290322580645
15.400000000000002 3751.0000000000005 0.5428571428571429
23.1 3443.0000000000005 0.46875
20.0 2890.0 0.7096774193548387
15.400000000000002 3619.0000000000005 0.6
15.400000000000002 3597.0000000000005 0.6571428571428571
34.800000000000004 4356.000000000001 0.4473684210526315
15.400000000000002 3795.0000000000005 0.5142857142857142
16.0 3050.0 0.48484848484848486
16.0 2930.0 0.6666666666666667
17.0 3030.0 0.48484848484848486
17.0 2810.0 0.7666666666666666
15.0 3570.0 0.7567567567567568
