23.31168 3168.0000000000005 0.8333333333333334
35.596210000000006 3757.000000000001 0.5625
29.320080000000008 2928.0000000000005 0.8571428571428572
29.320080000000008 2976.0000000000005 0.75
28.085760000000008 3120.0000000000005 0.7241379310344828
29.320080000000008 3408.0000000000005 0.6
23.31168 3564.0000000000005 0.6875
25.065720000000006 3000.0000000000005 0.7857142857142857
29.192670000000007 3757.000000000001 0.6451612903225806
23.31168 3192.0000000000005 0.8
25.065720000000006 3096.0000000000005 0.75
23.31168 3264.0000000000005 0.7
29.320080000000008 3288.0000000000005 0.6666666666666667
29.320080000000008 3036.0000000000005 0.6785714285714286
29.320080000000008 2952.0000000000005 0.8214285714285714
29.320080000000008 3336.0000000000005 0.6333333333333333
25.065720000000006 2976.0000000000005 0.8928571428571429
23.31168 3048.0000000000005 0.9655172413793104
