28.085760000000008 3096.0000000000005 0.6896551724137931
28.085760000000008 3048.0000000000005 0.7241379310344828
23.31168 3336.0000000000005 0.7096774193548387
29.320080000000008 2988.0000000000005 0.75
29.320080000000008 2952.0000000000005 0.8571428571428572
23.31168 3072.0000000000005 0.7931034482758621
29.320080000000008 3012.0000000000005 0.7142857142857143
23.31168 3048.0000000000005 0.8620689655172413
29.320080000000008 2976.0000000000005 0.7857142857142857
23.31168 3132.0000000000005 0.7586206896551724
23.31168 3204.0000000000005 0.7241379310344828
29.320080000000008 3120.0000000000005 0.6428571428571428
23.31168 3420.0000000000005 0.6875
28.085760000000008 3576.0000000000005 0.5625
28.085760000000008 3444.0000000000005 0.625
28.085760000000008 3036.0000000000005 0.7586206896551724
28.085760000000008 3540.0000000000005 0.59375
23.31168 3540.0000000000005 0.65625
28.085760000000008 3240.0000000000005 0.6551724137931034
29.320080000000008 3060.0000000000005 0.6785714285714286
29.320080000000008 3372.0000000000005 0.6333333333333333
