35.596210000000006 3757.000000000001 0.5625
29.320080000000008 2928.0000000000005 0.8571428571428572
29.320080000000008 3408.0000000000005 0.6
23.31168 3264.0000000000005 0.7
29.320080000000008 3036.0000000000005 0.6785714285714286
29.320080000000008 3336.0000000000005 0.6333333333333333
25.065720000000006 3108.0000000000005 0.6785714285714286
29.320080000000008 3276.0000000000005 0.6666666666666667
23.31168 3516.0000000000005 0.6875
23.31168 3792.0000000000005 0.6764705882352942
24.80916 3108.0000000000005 0.7931034482758621
25.065720000000006 2964.0000000000005 0.8928571428571429
23.31168 3060.0000000000005 0.8275862068965517
25.065720000000006 2976.0000000000005 0.8214285714285714
24.80916 3180.0000000000005 0.7241379310344828
25.065720000000006 3000.0000000000005 0.75
23.31168 3132.0000000000005 0.7931034482758621
25.065720000000006 3024.0000000000005 0.7142857142857143
29.320080000000008 2952.0000000000005 0.75
23.31168 3204.0000000000005 0.7586206896551724
25.065720000000006 3456.0000000000005 0.6129032258064516
23.31168 3168.0000000000005 0.7666666666666666
25.065720000000006 3444.0000000000005 0.6774193548387097
23.31168 3048.0000000000005 0.9655172413793104
