27.600000000000005 2664.0000000000005 0.34782608695652173
17.0 1830.0 0.6190476190476191
11.0 2200.0 0.3913043478260869
19.8 1859.0000000000002 0.5263157894736843
14.0 2140.0 0.4347826086956522
15.400000000000002 2090.0 0.35
18.0 1890.0 0.55
15.400000000000002 2002.0000000000002 0.44999999999999996
13.0 1910.0 0.5238095238095238
14.0 1850.0 0.7142857142857143
11.0 1950.0 0.4545454545454546
11.0 1920.0 0.6363636363636364
16.0 1770.0 0.75
14.0 1900.0 0.47619047619047616
13.0 1900.0 0.6190476190476191
