14.3 2376.0 0.3913043478260869
11.0 2035.0000000000002 0.6666666666666667
17.0 1820.0 0.8571428571428572
11.0 2497.0 0.41666666666666663
11.0 2156.0 0.47619047619047616
16.0 1850.0 0.6190476190476191
12.0 1960.0 0.5454545454545454
14.0 2030.0 0.4285714285714286
12.0 2080.0 0.5217391304347826
11.0 2024.0000000000002 0.7142857142857143
16.0 1880.0 0.5714285714285714
11.0 2420.0 0.45833333333333337
11.0 2046.0000000000002 0.5714285714285714
12.0 1940.0 0.5909090909090908
14.0 1850.0 0.7142857142857143
14.0 1960.0 0.47619047619047616
14.0 1930.0 0.5238095238095238
11.0 2068.0 0.5238095238095238
14.0 1900.0 0.5714285714285714
