44.440889999999996 4797.000000000001 0.6341463414634146
21.36904 3784.0000000000005 0.7567567567567568
21.36904 3641.0000000000005 0.8378378378378378
35.596210000000006 4784.000000000001 0.65
28.369200000000006 4284.000000000001 0.6666666666666667
25.349160000000005 4104.000000000001 0.6756756756756757
25.349160000000005 3984.0000000000005 0.7297297297297297
21.36904 3894.0000000000005 0.7435897435897436
21.36904 3707.0000000000005 0.7837837837837838
21.36904 3685.0000000000005 0.8108108108108107
21.36904 3905.0000000000005 0.736842105263158
21.36904 3509.0000000000005 0.8888888888888888
22.976910000000004 3498.0000000000005 0.8611111111111112
20.27839 3828.0000000000005 0.8461538461538461
