29.838 3924.0000000000005 0.6944444444444444
26.947080000000003 4380.000000000001 0.6666666666666667
29.838 4080.0000000000005 0.6216216216216216
24.252120000000005 4500.000000000001 0.7804878048780488
24.252120000000005 4608.000000000001 0.7380952380952381
24.252120000000005 4428.000000000001 0.8292682926829268
26.947080000000003 4332.000000000001 0.6923076923076923
24.252120000000005 4476.000000000001 0.8048780487804879
28.74096000000001 4296.000000000001 0.6842105263157895
29.838 3864.0000000000005 0.7777777777777778
25.349160000000005 3816.0000000000005 0.8055555555555556
24.252120000000005 4392.000000000001 0.9024390243902439
24.252120000000005 4404.000000000001 0.8536585365853658
24.252120000000005 4656.000000000001 0.7073170731707317
25.349160000000005 4548.000000000001 0.6904761904761905
25.349160000000005 3924.0000000000005 0.75
25.349160000000005 4056.0000000000005 0.7027027027027026
