44.440889999999996 4797.000000000001 0.6341463414634146
35.596210000000006 4784.000000000001 0.65
28.369200000000006 4284.000000000001 0.6666666666666667
25.349160000000005 4104.000000000001 0.6756756756756757
21.36904 3828.0000000000005 0.7105263157894737
21.36904 3608.0000000000005 0.8108108108108107
21.36904 3663.0000000000005 0.7567567567567568
21.36904 3949.0000000000005 0.6842105263157895
28.369200000000006 4860.000000000001 0.6511627906976745
21.36904 3652.0000000000005 0.7837837837837838
21.36904 3740.0000000000005 0.7297297297297297
21.36904 3509.0000000000005 0.8888888888888888
22.976910000000004 3498.0000000000005 0.8611111111111112
20.27839 3828.0000000000005 0.8461538461538461
