13.886730000000004 1980.0000000000002 0.5210526315789474
15.709320000000004 1782.0000000000002 0.5176470588235295
13.316930000000003 1452.0000000000002 0.55
13.316930000000003 1397.0 0.7071428571428572
13.836570000000002 1364.0 0.8642857142857143
13.316930000000003 1430.0000000000002 0.6285714285714286
13.836570000000002 1342.0 1.0214285714285716
13.836570000000002 1386.0 0.7071428571428572
13.836570000000002 1397.0 0.6285714285714286
13.316930000000003 1364.0 0.942857142857143
13.316930000000003 1375.0 0.7857142857142858
