17.90283 2420.0 0.6416666666666666
24.00013 2332.0 0.6217391304347827
17.90283 2387.0 0.7333333333333335
17.72606 2464.0 0.8800000000000001
24.00013 2310.0 0.6695652173913045
24.00013 2255.0 0.7173913043478262
21.742929999999998 2409.0 0.6416666666666666
17.72606 2486.0 0.7040000000000001
17.90283 2376.0 0.8250000000000001
17.72606 2728.0 0.676923076923077
23.938970000000005 2717.0 0.6346153846153846
23.938970000000005 2354.0 0.7791666666666667
24.00013 2211.0 0.8608695652173914
24.00013 2365.0 0.5739130434782609
