27.080900000000003 2629.0 0.5720000000000001
25.083520000000004 2310.0 0.6217391304347827
24.59303 2365.0 0.5739130434782609
24.00013 2321.0 0.6217391304347827
27.080900000000003 2310.0 0.5739130434782609
25.083520000000004 2277.0 0.6695652173913045
24.00013 2288.0 0.6695652173913045
27.080900000000003 2266.0 0.6695652173913045
25.21893 2222.0 0.8130434782608695
24.00013 2233.0 0.7652173913043478
24.00013 2387.0 0.5739130434782609
24.00013 2200.0 0.8608695652173914
24.00013 2244.0 0.7173913043478262
23.883420000000005 2475.0 0.8708333333333333
23.883420000000005 2420.0 0.9166666666666667
