35.48076000000001 7428.000000000001 0.5909090909090908
20.008890000000005 6336.000000000001 0.6666666666666667
20.008890000000005 6050.000000000001 0.8064516129032258
35.48076000000001 7296.000000000001 0.6060606060606061
30.549840000000007 7080.000000000001 0.6153846153846154
26.564670000000007 6721.000000000001 0.6363636363636364
26.564670000000007 5995.000000000001 0.6833333333333333
21.82092 6589.000000000001 0.6615384615384615
23.56662 6413.000000000001 0.6507936507936508
24.587970000000002 6633.000000000001 0.6461538461538461
20.008890000000005 6171.000000000001 0.7258064516129032
20.008890000000005 6215.000000000001 0.7096774193548387
25.12433 6149.000000000001 0.6885245901639344
21.738200000000003 6138.000000000001 0.7049180327868853
21.24441 6028.000000000001 0.7213114754098361
21.24441 6182.000000000001 0.7096774193548387
25.12433 6105.000000000001 0.7
20.008890000000005 6237.000000000001 0.6935483870967742
25.12433 6391.000000000001 0.65625
23.56662 6149.000000000001 0.6935483870967742
25.12433 5962.000000000001 0.7166666666666667
20.008890000000005 6149.000000000001 0.7580645161290323
25.12433 6193.000000000001 0.6774193548387097
26.564670000000007 6182.000000000001 0.6721311475409837
26.09387 6160.000000000001 0.6833333333333333
25.12433 5709.000000000001 0.7457627118644068
20.13737 5852.000000000001 0.85
