25.12433 6391.000000000001 0.6612903225806452
20.008890000000005 6149.000000000001 0.6721311475409837
20.692870000000003 5995.000000000001 0.7049180327868853
20.008890000000005 6138.000000000001 0.7049180327868853
23.968670000000007 6457.000000000001 0.6507936507936508
20.008890000000005 6600.000000000001 0.640625
25.12433 5951.000000000001 0.7333333333333334
20.494979999999998 6061.000000000001 0.7377049180327868
25.12433 6105.000000000001 0.6721311475409837
21.82092 6501.000000000001 0.6666666666666667
33.30684000000001 7164.000000000001 0.59375
20.212390000000003 6127.000000000001 0.7213114754098361
25.12433 5874.000000000001 0.8
21.8427 6446.000000000001 0.6666666666666667
20.008890000000005 5951.000000000001 0.7540983606557377
20.44614 6545.000000000001 0.6349206349206349
26.09387 6083.000000000001 0.6666666666666667
20.692870000000003 6402.000000000001 0.671875
24.932380000000002 6347.000000000001 0.6666666666666667
20.692870000000003 6105.000000000001 0.6935483870967742
25.12433 6325.000000000001 0.6666666666666667
25.12433 5885.000000000001 0.7666666666666666
25.12433 5918.000000000001 0.75
29.561730000000004 6259.000000000001 0.6612903225806452
