35.48076000000001 7428.000000000001 0.5909090909090908
20.008890000000005 6050.000000000001 0.8064516129032258
30.549840000000007 7080.000000000001 0.6153846153846154
26.564670000000007 5995.000000000001 0.6833333333333333
20.008890000000005 6171.000000000001 0.7258064516129032
20.008890000000005 6215.000000000001 0.7096774193548387
21.24441 6028.000000000001 0.7213114754098361
20.008890000000005 6237.000000000001 0.6935483870967742
23.56662 6149.000000000001 0.6935483870967742
25.12433 6017.000000000001 0.7
28.66920000000001 7248.000000000001 0.625
20.008890000000005 6259.000000000001 0.6774193548387097
20.008890000000005 6116.000000000001 0.7903225806451613
21.24441 6017.000000000001 0.8032786885245902
32.24916 7272.000000000001 0.6
20.008890000000005 6127.000000000001 0.7419354838709677
25.12433 6039.000000000001 0.6833333333333333
20.008890000000005 5973.000000000001 0.8225806451612903
25.12433 6193.000000000001 0.6333333333333333
25.12433 6094.000000000001 0.6666666666666667
38.38956000000001 7176.000000000001 0.6
29.22469 5951.000000000001 0.65
21.24441 6193.000000000001 0.6885245901639344
21.82092 6006.000000000001 0.819672131147541
21.24441 6237.000000000001 0.6721311475409837
30.549840000000007 7368.000000000001 0.6
24.28822 6171.000000000001 0.6885245901639344
28.66920000000001 7296.000000000001 0.6153846153846154
32.24916 7068.000000000001 0.6190476190476191
20.008890000000005 6314.000000000001 0.6451612903225806
25.12433 5951.000000000001 0.7166666666666667
21.24441 6061.000000000001 0.7049180327868853
25.12433 5907.000000000001 0.7333333333333334
28.66920000000001 7212.000000000001 0.6307692307692307
25.12433 5709.000000000001 0.7457627118644068
20.13737 5852.000000000001 0.85
