15.400000000000002 3707.0000000000005 0.5714285714285714
15.400000000000002 3608.0000000000005 0.7142857142857143
27.600000000000005 5352.000000000001 0.4222222222222223
31.200000000000003 5028.000000000001 0.4666666666666667
22.0 4257.0 0.475
31.200000000000003 4380.000000000001 0.4736842105263158
18.700000000000003 3377.0000000000005 0.4838709677419355
15.400000000000002 3729.0000000000005 0.5142857142857142
15.400000000000002 3652.0000000000005 0.6
15.400000000000002 3630.0000000000005 0.6285714285714286
17.0 2670.0 0.8928571428571429
14.3 6138.000000000001 0.5593220338983051
16.0 2920.0 0.6666666666666667
16.0 2990.0 0.48484848484848486
15.0 3440.0 0.7222222222222222
24.0 2980.0 0.48484848484848486
15.400000000000002 3883.0000000000005 0.48571428571428577
