33.60000000000001 4164.000000000001 0.4722222222222222
15.400000000000002 3938.0000000000005 0.5135135135135135
27.600000000000005 5160.000000000001 0.4666666666666667
27.600000000000005 4932.000000000001 0.47619047619047616
15.400000000000002 3641.0000000000005 0.6857142857142857
15.400000000000002 3883.0000000000005 0.5142857142857142
20.0 2900.0 0.6129032258064516
23.1 2838.0000000000005 0.75
15.400000000000002 3674.0000000000005 0.6
23.1 2893.0000000000005 0.5714285714285714
23.1 2948.0000000000005 0.5357142857142857
23.1 2860.0000000000005 0.6428571428571428
20.0 3020.0 0.5483870967741935
15.400000000000002 3817.0000000000005 0.5428571428571429
20.0 2930.0 0.5806451612903225
15.400000000000002 3784.0000000000005 0.5714285714285714
16.0 3050.0 0.48484848484848486
16.0 2930.0 0.6666666666666667
17.0 3030.0 0.48484848484848486
17.0 2810.0 0.7666666666666666
15.0 3570.0 0.7567567567567568
