33.60000000000001 4020.0000000000005 0.37142857142857144
23.1 2860.0000000000005 0.7142857142857143
27.600000000000005 3780.0000000000005 0.4545454545454546
20.0 2960.0 0.5483870967741935
23.1 2882.0000000000005 0.5357142857142857
15.400000000000002 3894.0000000000005 0.5945945945945945
20.0 2940.0 0.5806451612903225
15.400000000000002 3883.0000000000005 0.6756756756756757
15.400000000000002 3916.0000000000005 0.5675675675675675
23.1 2871.0000000000005 0.6785714285714286
20.0 2910.0 0.6774193548387097
15.400000000000002 3927.0000000000005 0.4864864864864865
17.0 2670.0 0.8928571428571429
14.3 6138.000000000001 0.5593220338983051
16.0 2920.0 0.6666666666666667
16.0 2990.0 0.48484848484848486
15.0 3440.0 0.7222222222222222
