33.60000000000001 5172.000000000001 0.4222222222222223
23.1 2849.0000000000005 0.6428571428571428
33.60000000000001 5124.000000000001 0.4444444444444444
33.60000000000001 4836.000000000001 0.45238095238095233
20.0 2920.0 0.7419354838709677
20.0 3000.0 0.6129032258064516
20.0 2940.0 0.6451612903225806
23.1 2937.0000000000005 0.5714285714285714
16.0 2930.0 0.6666666666666667
17.0 2810.0 0.7666666666666666
15.400000000000002 3927.0000000000005 0.4864864864864865
24.0 2990.0 0.48484848484848486
14.3 6303.000000000001 0.6
16.0 3030.0 0.4545454545454546
18.0 3020.0 0.48484848484848486
15.0 3560.0 0.736842105263158
