24.000000000000004 5040.000000000001 0.4651162790697675
27.600000000000005 4476.000000000001 0.42105263157894735
24.000000000000004 4944.000000000001 0.47619047619047616
15.400000000000002 3883.0000000000005 0.48571428571428577
15.400000000000002 3652.0000000000005 0.7142857142857143
15.400000000000002 3729.0000000000005 0.5428571428571429
25.3 3828.0000000000005 0.4722222222222222
15.400000000000002 3685.0000000000005 0.6285714285714286
27.600000000000005 3828.0000000000005 0.4545454545454546
17.0 2670.0 0.8928571428571429
14.3 6138.000000000001 0.5593220338983051
16.0 2920.0 0.6666666666666667
16.0 2990.0 0.48484848484848486
15.0 3440.0 0.7222222222222222
24.0 2980.0 0.48484848484848486
