23.1 2882.0000000000005 0.6428571428571428
20.0 2970.0 0.5483870967741935
15.400000000000002 3850.0000000000005 0.6756756756756757
15.400000000000002 3861.0000000000005 0.6216216216216216
20.900000000000002 2915.0000000000005 0.75
23.1 2860.0000000000005 0.6785714285714286
23.1 2904.0000000000005 0.5714285714285714
23.1 2849.0000000000005 0.75
16.0 2930.0 0.6666666666666667
17.0 2810.0 0.7666666666666666
15.400000000000002 3927.0000000000005 0.4864864864864865
24.0 2990.0 0.48484848484848486
14.3 6303.000000000001 0.6
16.0 3030.0 0.4545454545454546
18.0 3020.0 0.48484848484848486
15.0 3560.0 0.736842105263158
