17.0 2670.0 0.8928571428571429
20.0 2900.0 0.7741935483870968
15.400000000000002 3652.0000000000005 0.7142857142857143
15.400000000000002 3795.0000000000005 0.5428571428571429
20.0 2910.0 0.6774193548387097
15.400000000000002 3729.0000000000005 0.6571428571428571
20.0 2940.0 0.6451612903225806
20.0 2960.0 0.5806451612903225
39.60000000000001 4848.000000000001 0.45238095238095233
16.0 2930.0 0.6666666666666667
15.400000000000002 3927.0000000000005 0.4864864864864865
24.0 2990.0 0.48484848484848486
14.3 6303.000000000001 0.6
16.0 3030.0 0.4545454545454546
18.0 3020.0 0.48484848484848486
15.0 3560.0 0.736842105263158
