31.200000000000003 4296.000000000001 0.4736842105263158
20.0 2880.0 0.7096774193548387
28.800000000000004 4596.000000000001 0.475
23.1 2904.0000000000005 0.6428571428571428
30.000000000000004 4416.000000000001 0.4736842105263158
20.0 2940.0 0.6129032258064516
20.0 2950.0 0.5806451612903225
20.0 2900.0 0.6774193548387097
16.0 2930.0 0.6666666666666667
17.0 2810.0 0.7666666666666666
15.0 3570.0 0.7567567567567568
16.0 3030.0 0.48484848484848486
15.400000000000002 3927.0000000000005 0.4864864864864865
