22.0 3718.0000000000005 0.4285714285714286
15.400000000000002 3795.0000000000005 0.6486486486486487
23.1 2882.0000000000005 0.6071428571428572
15.400000000000002 3850.0000000000005 0.5135135135135135
20.0 3020.0 0.5161290322580645
23.1 2860.0000000000005 0.7142857142857143
20.0 2980.0 0.5483870967741935
23.1 2838.0000000000005 0.75
23.1 2937.0000000000005 0.5714285714285714
20.0 2900.0 0.7419354838709677
23.1 2871.0000000000005 0.6428571428571428
20.0 2960.0 0.5806451612903225
20.0 2910.0 0.6451612903225806
16.0 2930.0 0.6666666666666667
17.0 2810.0 0.7666666666666666
15.0 3570.0 0.7567567567567568
16.0 3030.0 0.48484848484848486
15.400000000000002 3927.0000000000005 0.4864864864864865
24.0 2990.0 0.48484848484848486
