13.836570000000002 1364.0 0.7142857142857143
13.316930000000003 1386.0 0.7142857142857143
13.644950000000003 1694.0000000000002 0.4375
13.316930000000003 1375.0 0.7857142857142857
13.316930000000003 1408.0 0.6428571428571428
13.644950000000003 1507.0000000000002 0.5
13.316930000000003 1650.0000000000002 0.5625
13.644950000000003 1397.0 0.6428571428571428
13.316930000000003 1441.0000000000002 0.5714285714285714
13.316930000000003 1661.0000000000002 0.5
13.644950000000003 1408.0 0.5714285714285714
13.836570000000002 1353.0 0.8571428571428572
13.316930000000003 1364.0 0.9285714285714286
