13.836570000000002 1364.0 0.7142857142857143
13.644950000000003 1694.0000000000002 0.4375
13.316930000000003 1375.0 0.7857142857142857
13.644950000000003 1507.0000000000002 0.5
13.316930000000003 1650.0000000000002 0.5625
13.316930000000003 1661.0000000000002 0.5
13.316930000000003 1408.0 0.5714285714285714
15.20024 1595.0000000000002 0.4666666666666667
13.316930000000003 1386.0 0.6428571428571428
15.647610000000002 1793.0000000000002 0.4117647058823529
13.316930000000003 1364.0 0.8571428571428572
13.836570000000002 1353.0 0.8571428571428572
