24.252120000000005 4824.000000000001 0.75
35.596210000000006 4693.000000000001 0.625
24.252120000000005 4848.000000000001 0.7441860465116279
25.745280000000005 3553.0000000000005 0.7777777777777778
29.838 4272.000000000001 0.631578947368421
24.706990000000005 4004.0000000000005 0.675
24.706990000000005 3828.0000000000005 0.7027027027027026
25.745280000000005 3718.0000000000005 0.75
24.252120000000005 4392.000000000001 0.8536585365853658
24.252120000000005 4416.000000000001 0.8292682926829268
24.252120000000005 4488.000000000001 0.8048780487804879
24.706990000000005 3685.0000000000005 0.8108108108108107
24.441670000000002 3795.0000000000005 0.7567567567567568
24.252120000000005 4584.000000000001 0.7560975609756098
24.252120000000005 4524.000000000001 0.7804878048780488
24.441670000000002 3718.0000000000005 0.7837837837837838
24.706990000000005 3707.0000000000005 0.7567567567567568
21.36904 3509.0000000000005 0.8888888888888888
22.976910000000004 3498.0000000000005 0.8611111111111112
