28.369200000000006 4008.0000000000005 0.6756756756756757
21.36904 3553.0000000000005 0.8333333333333334
21.36904 3685.0000000000005 0.7567567567567568
25.67455 3476.0000000000005 0.8
23.69565 3498.0000000000005 0.9166666666666666
23.69565 3542.0000000000005 0.8333333333333334
21.36904 3564.0000000000005 0.8055555555555556
25.67455 3410.0000000000005 0.8285714285714285
21.36904 3630.0000000000005 0.7777777777777778
21.36904 3542.0000000000005 0.8888888888888888
23.69565 3531.0000000000005 0.8611111111111112
25.349160000000005 4140.000000000001 0.631578947368421
23.69565 3652.0000000000005 0.75
21.36904 3707.0000000000005 0.75
22.322960000000002 3817.0000000000005 0.7435897435897436
23.69565 3553.0000000000005 0.8055555555555556
21.36904 3828.0000000000005 0.7105263157894737
23.69565 3608.0000000000005 0.7777777777777778
23.69565 3696.0000000000005 0.7297297297297297
25.67455 3498.0000000000005 0.7714285714285715
