25.349160000000005 4176.000000000001 0.631578947368421
22.976910000000004 3542.0000000000005 0.7142857142857143
22.976910000000004 3377.0000000000005 0.7352941176470589
22.976910000000004 3278.0000000000005 0.8235294117647058
22.976910000000004 3652.0000000000005 0.7027027027027026
33.65934000000001 4602.000000000001 0.5945945945945945
25.27525 3366.0000000000005 0.7647058823529411
22.976910000000004 3333.0000000000005 0.7941176470588236
22.976910000000004 3773.0000000000005 0.6486486486486487
25.745280000000005 3531.0000000000005 0.7142857142857143
21.36904 3509.0000000000005 0.8888888888888888
