29.320080000000008 3252.0000000000005 0.6333333333333333
29.320080000000008 2940.0000000000005 0.8214285714285714
25.254320000000003 3978.000000000001 0.6666666666666667
23.31168 3480.0000000000005 0.6875
29.320080000000008 3000.0000000000005 0.7857142857142857
28.085760000000008 3504.0000000000005 0.65625
28.085760000000008 3204.0000000000005 0.6896551724137931
23.31168 3384.0000000000005 0.7
23.31168 3072.0000000000005 0.8275862068965517
23.31168 3048.0000000000005 0.8620689655172413
23.31168 3156.0000000000005 0.7241379310344828
23.31168 3144.0000000000005 0.7586206896551724
29.320080000000008 3012.0000000000005 0.7142857142857143
28.085760000000008 3108.0000000000005 0.7586206896551724
29.320080000000008 3168.0000000000005 0.6428571428571428
28.085760000000008 3432.0000000000005 0.6875
29.320080000000008 3108.0000000000005 0.6785714285714286
28.085760000000008 3120.0000000000005 0.7241379310344828
28.085760000000008 3060.0000000000005 0.7931034482758621
23.31168 3108.0000000000005 0.7931034482758621
29.320080000000008 2928.0000000000005 0.8571428571428572
25.065720000000006 2976.0000000000005 0.8214285714285714
