40.108560000000004 3636.0000000000005 0.59375
23.31168 3204.0000000000005 0.6896551724137931
23.31168 3084.0000000000005 0.7931034482758621
23.31168 3540.0000000000005 0.6875
25.065720000000006 3300.0000000000005 0.6774193548387097
25.065720000000006 2988.0000000000005 0.7142857142857143
25.065720000000006 2940.0000000000005 0.8571428571428572
23.31168 3156.0000000000005 0.7586206896551724
28.085760000000008 3492.0000000000005 0.625
28.085760000000008 3168.0000000000005 0.6551724137931034
25.065720000000006 3132.0000000000005 0.6785714285714286
25.065720000000006 3384.0000000000005 0.6451612903225806
27.29129000000001 3692.000000000001 0.625
35.596210000000006 3705.000000000001 0.6
35.596210000000006 3419.000000000001 0.6206896551724138
25.065720000000006 2964.0000000000005 0.8214285714285714
