29.320080000000008 3252.0000000000005 0.6333333333333333
29.320080000000008 2940.0000000000005 0.8214285714285714
23.31168 3072.0000000000005 0.8275862068965517
23.31168 3048.0000000000005 0.8620689655172413
29.320080000000008 3012.0000000000005 0.7142857142857143
26.620920000000005 3192.0000000000005 0.6896551724137931
23.31168 3528.0000000000005 0.625
23.31168 3420.0000000000005 0.6875
29.320080000000008 3096.0000000000005 0.6428571428571428
23.31168 3084.0000000000005 0.7931034482758621
23.31168 3096.0000000000005 0.7586206896551724
23.31168 3132.0000000000005 0.7241379310344828
28.085760000000008 3132.0000000000005 0.6896551724137931
23.31168 3228.0000000000005 0.6896551724137931
25.065720000000006 3084.0000000000005 0.7142857142857143
29.320080000000008 2988.0000000000005 0.7857142857142857
25.065720000000006 3012.0000000000005 0.75
46.30691000000001 3913.000000000001 0.6060606060606061
28.085760000000008 3264.0000000000005 0.6206896551724138
28.085760000000008 3156.0000000000005 0.6551724137931034
29.320080000000008 3084.0000000000005 0.6785714285714286
25.065720000000006 3456.0000000000005 0.6774193548387097
29.320080000000008 2928.0000000000005 0.8571428571428572
25.065720000000006 2976.0000000000005 0.8214285714285714
