17.72606 1782.0000000000002 0.6111111111111112
20.979640000000003 1672.0000000000002 0.5176470588235295
17.90283 1507.0000000000002 0.5866666666666667
17.90283 1408.0 0.8066666666666668
17.90283 1463.0000000000002 0.66
17.72606 1738.0000000000002 0.6722222222222223
17.72606 1518.0000000000002 0.7562500000000001
17.72606 1826.0000000000002 0.55
17.72606 1507.0000000000002 0.89375
17.90283 1430.0000000000002 0.7333333333333335
17.90283 1716.0000000000002 0.5176470588235295
17.90283 1650.0000000000002 0.5823529411764706
17.72606 1551.0000000000002 0.6875
