17.521920000000005 2112.0000000000005 0.568421052631579
17.90283 1408.0 0.8066666666666668
17.90283 1672.0000000000002 0.5176470588235295
17.90283 1452.0000000000002 0.66
17.72606 1529.0000000000002 0.7562500000000001
17.72606 1573.0000000000002 0.6875
17.90283 1485.0000000000002 0.5866666666666667
17.72606 1782.0000000000002 0.55
17.72606 1639.0000000000002 0.61875
17.72606 1760.0000000000002 0.6111111111111112
17.521920000000005 1848.0000000000002 0.6352941176470589
17.521920000000005 2088.0000000000005 0.6315789473684212
17.521920000000005 1812.0000000000002 0.7058823529411766
17.90283 1419.0000000000002 0.7333333333333335
17.72606 1507.0000000000002 0.8250000000000001
17.521920000000005 1752.0000000000002 0.7764705882352941
