35.596210000000006 3822.000000000001 0.5625
23.31168 3072.0000000000005 0.8275862068965517
25.065720000000006 2976.0000000000005 0.8214285714285714
35.596210000000006 3523.000000000001 0.6206896551724138
29.320080000000008 3108.0000000000005 0.6785714285714286
28.085760000000008 3648.0000000000005 0.625
26.620920000000005 3516.0000000000005 0.65625
23.31168 3108.0000000000005 0.7586206896551724
23.31168 3228.0000000000005 0.7241379310344828
29.320080000000008 2988.0000000000005 0.75
23.31168 3576.0000000000005 0.65625
25.065720000000006 3384.0000000000005 0.6774193548387097
23.31168 3324.0000000000005 0.7096774193548387
28.085760000000008 3204.0000000000005 0.6896551724137931
25.065720000000006 3084.0000000000005 0.75
28.085760000000008 3264.0000000000005 0.6551724137931034
23.31168 3468.0000000000005 0.6875
29.320080000000008 3360.0000000000005 0.6333333333333333
25.065720000000006 3156.0000000000005 0.7142857142857143
29.320080000000008 3012.0000000000005 0.7142857142857143
28.085760000000008 3120.0000000000005 0.7241379310344828
23.31168 3048.0000000000005 0.9655172413793104
29.320080000000008 2928.0000000000005 0.8571428571428572
