23.31168 3048.0000000000005 0.9310344827586207
23.31168 3420.0000000000005 0.71875
28.085760000000008 3528.0000000000005 0.59375
25.065720000000006 3348.0000000000005 0.7096774193548387
28.085760000000008 3168.0000000000005 0.6896551724137931
28.085760000000008 3504.0000000000005 0.625
25.065720000000006 3048.0000000000005 0.75
25.065720000000006 2976.0000000000005 0.8214285714285714
25.065720000000006 3120.0000000000005 0.7142857142857143
25.065720000000006 3012.0000000000005 0.7857142857142857
25.065720000000006 2952.0000000000005 0.8571428571428572
29.320080000000008 3408.0000000000005 0.6333333333333333
29.320080000000008 2952.0000000000005 0.8214285714285714
23.31168 3540.0000000000005 0.6875
25.065720000000006 3420.0000000000005 0.6774193548387097
25.065720000000006 3432.0000000000005 0.6451612903225806
29.320080000000008 2988.0000000000005 0.75
29.320080000000008 3132.0000000000005 0.6428571428571428
28.085760000000008 3180.0000000000005 0.6551724137931034
26.663640000000004 3276.0000000000005 0.6551724137931034
29.320080000000008 3024.0000000000005 0.6785714285714286
23.31168 3168.0000000000005 0.7241379310344828
23.31168 3096.0000000000005 0.7586206896551724
23.31168 3060.0000000000005 0.8275862068965517
