35.596210000000006 3822.000000000001 0.5625
23.31168 3048.0000000000005 0.8275862068965517
28.085760000000008 3144.0000000000005 0.6896551724137931
25.065720000000006 3288.0000000000005 0.7096774193548387
23.31168 3468.0000000000005 0.59375
23.31168 3324.0000000000005 0.7
35.596210000000006 3523.000000000001 0.5862068965517242
23.31168 3456.0000000000005 0.6875
23.31168 3144.0000000000005 0.7241379310344828
28.085760000000008 3192.0000000000005 0.6551724137931034
25.065720000000006 2964.0000000000005 0.8214285714285714
23.31168 3036.0000000000005 0.896551724137931
29.320080000000008 3348.0000000000005 0.6333333333333333
23.31168 3096.0000000000005 0.7586206896551724
29.320080000000008 3024.0000000000005 0.6785714285714286
25.065720000000006 3384.0000000000005 0.6129032258064516
30.733300000000007 3796.000000000001 0.5806451612903225
23.31168 3060.0000000000005 0.7931034482758621
25.065720000000006 2988.0000000000005 0.7142857142857143
44.440889999999996 3718.000000000001 0.5806451612903225
25.065720000000006 3324.0000000000005 0.6666666666666667
29.320080000000008 2928.0000000000005 0.8571428571428572
