25.289160000000006 5604.000000000001 0.6599999999999999
24.252120000000005 5556.000000000001 0.7
29.223920000000007 4851.0 0.7551020408163265
29.223920000000007 4763.0 0.7959183673469388
29.223920000000007 4807.0 0.7916666666666666
24.632640000000006 5568.000000000001 0.6799999999999999
29.223920000000007 4873.0 0.7142857142857143
24.632640000000006 5376.000000000001 0.78
24.632640000000006 5856.000000000001 0.6599999999999999
24.252120000000005 5448.000000000001 0.8
28.050120000000003 5364.000000000001 0.6734693877551021
29.223920000000007 4950.0 0.6938775510204082
28.050120000000003 5232.000000000001 0.7755102040816326
24.252120000000005 5640.000000000001 0.6799999999999999
24.252120000000005 5460.000000000001 0.74
32.85804 5484.000000000001 0.6122448979591837
24.632640000000006 5448.000000000001 0.72
24.632640000000006 5532.000000000001 0.7
29.223920000000007 4994.0 0.6734693877551021
28.050120000000003 5376.000000000001 0.653061224489796
29.223920000000007 5126.0 0.653061224489796
28.050120000000003 5412.000000000001 0.6326530612244898
29.838 5676.000000000001 0.6
28.050120000000003 5328.000000000001 0.6938775510204082
28.050120000000003 5280.000000000001 0.7142857142857143
