26.953080000000007 5268.000000000001 0.7142857142857143
32.48630000000001 5181.0 0.62
26.953080000000007 5592.000000000001 0.5918367346938775
29.223920000000007 4928.0 0.6938775510204082
26.953080000000007 5544.000000000001 0.6326530612244898
26.953080000000007 5328.000000000001 0.6734693877551021
26.953080000000007 5448.000000000001 0.653061224489796
29.223920000000007 4994.0 0.6326530612244898
31.349670000000003 4917.0 0.6938775510204082
26.953080000000007 5232.000000000001 0.7755102040816326
29.223920000000007 4829.0 0.7346938775510203
28.050120000000003 5160.000000000001 0.7291666666666667
29.223920000000007 4884.0 0.7142857142857143
29.838 5376.000000000001 0.6122448979591837
29.223920000000007 4950.0 0.6734693877551021
28.050120000000003 5220.000000000001 0.6666666666666667
26.953080000000007 5532.000000000001 0.64
26.953080000000007 5316.000000000001 0.6938775510204082
28.050120000000003 5244.000000000001 0.625
28.050120000000003 5196.000000000001 0.7083333333333333
28.050120000000003 5124.000000000001 0.75
26.953080000000007 5220.000000000001 0.7959183673469388
31.349670000000003 4983.0 0.653061224489796
31.349670000000003 4741.0 0.8333333333333334
27.249360000000006 5220.000000000001 0.7916666666666666
27.666430000000002 5049.0 0.803921568627451
29.223920000000007 4752.0 0.7916666666666666
28.30355 5016.0 0.7647058823529411
24.252120000000005 5376.000000000001 0.88
24.632640000000006 5364.000000000001 0.8
