19.8 2563.0 0.4
12.0 1940.0 0.6363636363636364
14.0 1840.0 0.6190476190476191
11.0 2508.0 0.41666666666666663
15.400000000000002 2024.0000000000002 0.44999999999999996
12.100000000000001 2123.0 0.4285714285714286
15.400000000000002 2222.0 0.40909090909090906
14.0 1910.0 0.47619047619047616
19.8 1881.0000000000002 0.4736842105263158
16.0 1890.0 0.4285714285714286
16.0 1710.0 0.7
11.0 1900.0 0.7727272727272727
11.0 1950.0 0.4545454545454546
13.0 1860.0 0.5714285714285714
14.0 1790.0 0.6666666666666667
