12.0 1970.0 0.5454545454545454
11.0 1991.0000000000002 0.7619047619047619
11.0 2130.0 0.34782608695652173
11.0 2002.0000000000002 0.6666666666666667
11.0 2035.0000000000002 0.6190476190476191
14.0 1910.0 0.5238095238095238
11.0 2050.0 0.5652173913043479
11.0 2046.0000000000002 0.5714285714285714
11.0 2057.0 0.5238095238095238
11.0 2101.0 0.4285714285714286
14.0 1830.0 0.6666666666666667
14.0 1860.0 0.5714285714285714
11.0 2068.0 0.47619047619047616
19.8 1881.0000000000002 0.4736842105263158
12.0 2010.0 0.4545454545454546
14.0 1930.0 0.4285714285714286
12.0 1920.0 0.6363636363636364
16.0 1890.0 0.4285714285714286
16.0 1710.0 0.7
