14.0 1910.0 0.5238095238095238
14.0 1860.0 0.5714285714285714
12.100000000000001 2090.0 0.38095238095238093
11.0 2090.0 0.4285714285714286
12.100000000000001 2035.0000000000002 0.5238095238095238
14.0 1840.0 0.6666666666666667
14.0 1970.0 0.47619047619047616
14.0 2020.0 0.4545454545454546
12.0 1960.0 0.5454545454545454
11.0 2013.0000000000002 0.5714285714285714
11.0 2002.0000000000002 0.6190476190476191
11.0 2046.0000000000002 0.5238095238095238
12.0 1940.0 0.5909090909090908
11.0 2068.0 0.47619047619047616
12.100000000000001 2068.0 0.4285714285714286
