14.0 2170.0 0.36363636363636365
14.0 1900.0 0.5238095238095238
13.0 1930.0 0.5238095238095238
11.0 2120.0 0.3913043478260869
11.0 2040.0 0.40909090909090906
16.0 1840.0 0.5714285714285714
16.0 1820.0 0.6666666666666667
13.0 1950.0 0.38095238095238093
13.0 1860.0 0.5714285714285714
14.0 1940.0 0.38095238095238093
19.8 1881.0000000000002 0.4736842105263158
16.0 1890.0 0.4285714285714286
16.0 1710.0 0.7
14.0 1830.0 0.6666666666666667
11.0 1900.0 0.7727272727272727
14.0 1920.0 0.47619047619047616
11.0 1950.0 0.4545454545454546
