12.0 1960.0 0.5454545454545454
12.100000000000001 2134.0 0.4285714285714286
27.600000000000005 2640.0000000000005 0.375
12.0 1940.0 0.5909090909090908
12.0 2000.0 0.5
14.0 1880.0 0.5238095238095238
12.0 2010.0 0.4545454545454546
11.0 2035.0000000000002 0.5238095238095238
11.0 2200.0 0.40909090909090906
14.0 1870.0 0.6190476190476191
18.0 1860.0 0.5
14.0 1990.0 0.38095238095238093
14.0 1930.0 0.4285714285714286
18.0 1820.0 0.65
12.0 1920.0 0.6363636363636364
18.0 1800.0 0.7
14.0 1840.0 0.6666666666666667
11.0 2002.0000000000002 0.6190476190476191
11.0 2068.0 0.47619047619047616
19.8 1881.0000000000002 0.4736842105263158
