22.027829999999998 2475.0 0.7083333333333333
22.873290000000004 2409.0 0.625
22.027829999999998 2398.0 0.7916666666666666
22.027829999999998 2464.0 0.75
23.392930000000003 2387.0 0.7083333333333333
22.873290000000004 2453.0 0.5416666666666667
25.5156 2321.0 0.5652173913043479
24.00013 2211.0 0.8260869565217391
24.00013 2266.0 0.6521739130434783
23.883420000000005 2365.0 0.875
24.00013 2244.0 0.6956521739130435
24.00013 2277.0 0.6086956521739131
22.873290000000004 2398.0 0.6666666666666667
24.00013 2222.0 0.782608695652174
23.883420000000005 2376.0 0.6666666666666667
24.00013 2332.0 0.5652173913043479
27.080900000000003 2332.0 0.5217391304347826
23.883420000000005 2398.0 0.625
