19.5525 2332.0 0.8333333333333334
19.5525 2420.0 0.5
24.59303 2354.0 0.5217391304347826
20.07214 2299.0 0.75
24.00013 2266.0 0.6521739130434783
24.59303 2244.0 0.6956521739130435
24.00013 2255.0 0.6956521739130435
19.5525 2376.0 0.625
19.5525 2354.0 0.7916666666666666
19.5525 2365.0 0.75
25.5156 2255.0 0.6521739130434783
27.23017 2255.0 0.6086956521739131
24.00013 2211.0 0.7391304347826086
24.59303 2277.0 0.6086956521739131
24.00013 2321.0 0.5652173913043479
32.552400000000006 2652.0000000000005 0.4782608695652174
20.07214 2365.0 0.7083333333333333
24.00013 2288.0 0.6086956521739131
24.00013 2156.0 0.8260869565217391
