18.595610000000004 4642.0 0.7872340425531915
31.053000000000004 5964.000000000001 0.6037735849056604
24.28822 4411.0 0.8888888888888888
26.429700000000004 4829.0 0.6382978723404256
20.494980000000005 5423.0 0.6538461538461539
21.374650000000003 5027.0 0.6326530612244898
23.50601 4851.0 0.625
20.45296 4499.0 0.8478260869565217
19.276400000000002 5258.0 0.6666666666666667
20.494980000000005 4499.0 0.782608695652174
26.429700000000004 4642.0 0.6595744680851063
19.433590000000002 5346.0 0.6603773584905661
24.28822 4444.0 0.8
24.28822 4631.0 0.6666666666666667
21.374650000000003 4928.0 0.653061224489796
24.28822 4422.0 0.8444444444444444
18.595610000000004 4697.0 0.7446808510638299
20.45296 4543.0 0.7173913043478262
20.45296 4521.0 0.7391304347826086
24.28822 4884.0 0.6170212765957447
19.276400000000002 4752.0 0.6875
19.276400000000002 4983.0 0.6734693877551021
20.45296 4598.0 0.6956521739130435
23.50601 4609.0 0.6739130434782609
21.374650000000003 4939.0 0.6458333333333333
24.28822 4455.0 0.7111111111111111
19.19313 4642.0 0.7446808510638299
20.45296 4708.0 0.6739130434782609
18.595610000000004 4741.0 0.7021276595744681
24.28822 4488.0 0.6888888888888889
24.28822 4840.0 0.6521739130434783
20.45296 4730.0 0.6595744680851063
