24.28822 4477.0 0.7111111111111111
24.28822 4411.0 0.8222222222222222
19.19313 4730.0 0.7234042553191489
19.276400000000002 4862.0 0.6875
20.45296 4510.0 0.7173913043478262
19.19313 4609.0 0.8085106382978724
19.19313 4697.0 0.7446808510638299
20.494980000000005 4664.0 0.6739130434782609
20.45296 4576.0 0.6956521739130435
19.19313 4950.0 0.6666666666666667
19.19313 4873.0 0.6808510638297872
24.28822 4433.0 0.8
19.19313 4631.0 0.7872340425531915
20.45296 4840.0 0.6382978723404256
24.28822 4455.0 0.7333333333333334
19.19313 4686.0 0.7659574468085106
20.45296 4785.0 0.6739130434782609
19.19313 4829.0 0.7021276595744681
24.28822 4620.0 0.6666666666666667
20.45296 4763.0 0.6808510638297872
30.118680000000005 5556.000000000001 0.62
23.50601 4774.0 0.6521739130434783
