26.429700000000004 4829.0 0.6382978723404256
21.374650000000003 5027.0 0.6326530612244898
23.50601 4851.0 0.625
20.494980000000005 4499.0 0.782608695652174
26.429700000000004 4642.0 0.6595744680851063
24.28822 4631.0 0.6666666666666667
21.374650000000003 4928.0 0.653061224489796
18.595610000000004 4697.0 0.7446808510638299
20.45296 4543.0 0.7173913043478262
20.45296 4521.0 0.7391304347826086
24.28822 4884.0 0.6170212765957447
19.276400000000002 4752.0 0.6875
20.45296 4598.0 0.6956521739130435
23.50601 4609.0 0.6739130434782609
21.374650000000003 4939.0 0.6458333333333333
24.28822 4455.0 0.7111111111111111
19.19313 4642.0 0.7446808510638299
24.28822 4488.0 0.6888888888888889
20.45296 4730.0 0.6595744680851063
23.50601 4906.0 0.5833333333333333
20.45296 4642.0 0.6739130434782609
19.276400000000002 4994.0 0.653061224489796
18.595610000000004 4620.0 0.8085106382978724
18.595610000000004 4631.0 0.7872340425531915
24.28822 4444.0 0.7555555555555555
24.28822 4411.0 0.7777777777777778
20.494980000000005 4477.0 0.8913043478260869
18.595610000000004 4807.0 0.6595744680851063
18.595610000000004 4708.0 0.7021276595744681
23.50601 4675.0 0.6521739130434783
18.595610000000004 4664.0 0.7659574468085106
23.50601 5148.0 0.5800000000000001
23.50601 4807.0 0.6458333333333333
23.50601 4477.0 0.8478260869565217
19.276400000000002 5038.0 0.6122448979591837
20.45296 4499.0 0.8043478260869565
